# E_gamma_TeV tau_xi_100000000.0 tau_xi_10000000.0 tau_xi_1000000.0 tau_xi_100000.0 tau_xi_10000.0 tau_xi_1000.0 tau_xi_100.0 tau_xi_10.0 tau_xi_1.0 tau_xi_0.1 tau_xi_0.01
2.999999999999999542e-02 5.611265165700722070e-04 8.781787598444566897e-05 7.139592493817238888e-05 6.991248531900989165e-05 6.976642934869619944e-05 6.975165012933356393e-05 6.975011971963272761e-05 6.974997292822343175e-05 6.974995817162926465e-05 6.974995671539322686e-05 6.974995658594133061e-05
3.324410585876282770e-02 1.752391797123464086e-03 2.146462744053097586e-04 1.706626432083555012e-04 1.667443683971642026e-04 1.663571038212643364e-04 1.663209084597789677e-04 1.663170192537208780e-04 1.663166152919502954e-04 1.663165766078848230e-04 1.663165727620341018e-04 1.663165723771128132e-04
3.683901914495432695e-02 5.444931897945238207e-03 4.535964574038521655e-04 3.489163613429946474e-04 3.397780467788288558e-04 3.388764955314654695e-04 3.387897471286616569e-04 3.387807568133455053e-04 3.387798578495264303e-04 3.387797679677404428e-04 3.387797590135689998e-04 3.387797581049226321e-04
4.082267507292841602e-02 1.967147469227623069e-02 8.699410117220949179e-04 6.387378171701681281e-04 6.191401336079711609e-04 6.172149904820669599e-04 6.170226923058628674e-04 6.170032846782241105e-04 6.170013626877549886e-04 6.170011704192039734e-04 6.170011512151023399e-04 6.170011492832985561e-04
4.523711105207705446e-02 2.292440038110046263e-01 1.564775658751532943e-03 1.079162794495541235e-03 1.039574693725407988e-03 1.035723780758555576e-03 1.035335665071632823e-03 1.035296980533942238e-03 1.035293039389256027e-03 1.035292654195164126e-03 1.035292615421497123e-03 1.035292611629209025e-03
5.012891028532866222e-02 3.174493441367440671e+07 2.693083518864836708e-03 1.714275538058561595e-03 1.638377051714960762e-03 1.630983468277974902e-03 1.630233484031452101e-03 1.630159253777036009e-03 1.630151862433086574e-03 1.630151123215369804e-03 1.630151048674470093e-03 1.630151041281328221e-03
5.554969333699640022e-02 2.963713915093976259e+08 4.512258385445887775e-03 2.589480243737796346e-03 2.450018747620203146e-03 2.436516478733574166e-03 2.435171251887039735e-03 2.435036420934632000e-03 2.435022940234530652e-03 2.435021592717155191e-03 2.435021457799689971e-03 2.435021444245715622e-03
6.155666285723068731e-02 7.708755877068934441e+08 7.510617151323414550e-03 3.754241436331381358e-03 3.506677303487530390e-03 3.482872573573582431e-03 3.480513570894988151e-03 3.480279086237545935e-03 3.480255428076371466e-03 3.480253098229090652e-03 3.480252835318529709e-03 3.480252847406423763e-03
6.821320721126504505e-02 1.417520449911496878e+09 1.285387609808918107e-02 5.266729690122162917e-03 4.838265223241723298e-03 4.797466953338356405e-03 4.793395314544771947e-03 4.792988096620675632e-03 4.792947314654964937e-03 4.792943269840603017e-03 4.792942882324291443e-03 4.792942843963799576e-03
7.558956938323402319e-02 2.217571482197124004e+09 2.450227398972115722e-02 7.208982609677019870e-03 6.478275192169576611e-03 6.409725326506280144e-03 6.402935084012170708e-03 6.402255270894919269e-03 6.402187294555254475e-03 6.402180467915201748e-03 6.402179789692486779e-03 6.402179721526677844e-03
8.376358821315099679e-02 3.167688521701446056e+09 6.124741345716602781e-02 9.717191861429190156e-03 8.471507777738820910e-03 8.357499656176690245e-03 8.346297457061334010e-03 8.345156330416814844e-03 8.345043366842436541e-03 8.345032099897614977e-03 8.345030972669418776e-03 8.345030839557007057e-03
9.282151978892702604e-02 4.277473730654047966e+09 2.670719371401099052e-01 1.306510611870239161e-02 1.090107533591924173e-02 1.071044543935817557e-02 1.069148780071110631e-02 1.068961861312775312e-02 1.068943114500804301e-02 1.068941229959861731e-02 1.068941042951799050e-02 1.068941023536530699e-02
1.028589476611446868e-01 5.566987179014435768e+09 1.638174916753119905e+05 1.778251306717690619e-02 1.390688336393133134e-02 1.358403325505990432e-02 1.355232803364163005e-02 1.354916481524073325e-02 1.354884806476721118e-02 1.354881639852968320e-02 1.354881323769000813e-02 1.354881292271731610e-02
1.139817914856013636e-01 7.064785624476027489e+09 3.052234547876235843e+07 2.492615133881719014e-02 1.770981033546050257e-02 1.715408223981406202e-02 1.709994633440134817e-02 1.709449681987932484e-02 1.709395190588169217e-02 1.709389760857326149e-02 1.709389136614374374e-02 1.709389085192398322e-02
1.263074247372921455e-01 8.806613859747266769e+09 1.127275267101412714e+08 3.664216252363078352e-02 2.262935805377824100e-02 2.165979092510462306e-02 2.156654146981913309e-02 2.155690036567280143e-02 2.155597963024268038e-02 2.155588606271849686e-02 2.155587664390194377e-02 2.155587569245398863e-02
1.399659132904753356e-01 1.083469788536629105e+10 2.351959737566032410e+08 5.760257765528600804e-02 2.909267775002792253e-02 2.739838474397015070e-02 2.723664657408481071e-02 2.722069360777628136e-02 2.721934202778281825e-02 2.721918225032183419e-02 2.721916624360160714e-02 2.721916460590171477e-02
1.551013879348994429e-01 1.319753569345031166e+10 3.921710532867584229e+08 9.932235410645642859e-02 3.768887705131691856e-02 3.471887267988973957e-02 3.443779003445051473e-02 3.440973996801856977e-02 3.440685172277843651e-02 3.440657677783922480e-02 3.440654906699776305e-02 3.440654628702810580e-02
1.718735653116279793e-01 1.595008348704607773e+10 5.814236426288961172e+08 1.963240225536035666e-01 4.919600986433199374e-02 4.400301780091392390e-02 4.352420762149125655e-02 4.347672132672701639e-02 4.347197427344565157e-02 4.347149978612611931e-02 4.347145221039221130e-02 4.347144746847382557e-02
1.904594333180916477e-01 1.915425517653090286e+10 8.037738630169939995e+08 4.853931185582284202e-01 6.473356384523287765e-02 5.567730962019368235e-02 5.486546894750671255e-02 5.478344279719427751e-02 5.477460729189551070e-02 5.477380136534859556e-02 5.477372080980260488e-02 5.477371267842424257e-02
2.110551187675540064e-01 2.287967608833372116e+10 1.062537224953412533e+09 1.850358813155858373e+00 8.599139960857331288e-02 7.022833463827310441e-02 6.888191941572825716e-02 6.876540223833349508e-02 6.875169331390279526e-02 6.875042596620982438e-02 6.875030169193874219e-02 6.875029118475758927e-02
2.338779570114110085e-01 2.720465241021160126e+10 1.363042123056453943e+09 1.855893971444827737e+06 1.156972337119019090e-01 8.817421809418120315e-02 8.590738158219107801e-02 8.568483498682034905e-02 8.566284938913149016e-02 8.566063193542743093e-02 8.566041124876519475e-02 8.566038867400095624e-02
2.591687853639511041e-01 3.221733486627361298e+10 1.712281428715725422e+09 1.476819732012124360e+07 1.584311416538891348e-01 1.101574531798126949e-01 1.064252290071988488e-01 1.060600823304144597e-01 1.060204983209201840e-01 1.060168864662034416e-01 1.060165254998340773e-01 1.060164893351777660e-01
2.871944845308725403e-01 3.801706811990720367e+10 2.118701470272988319e+09 3.726523416200124472e+07 2.226000954711212232e-01 1.368486007928091941e-01 1.307762735748353444e-01 1.301852166303017477e-01 1.301265803430935175e-01 1.301210600804344475e-01 1.301204643875331080e-01 1.301204044968190532e-01
3.182507948599050396e-01 4.471592794754084778e+10 2.592109142377187252e+09 6.767313414392454922e+07 3.251361045753735635e-01 1.690921584122018206e-01 1.593030123828209632e-01 1.583639024070931656e-01 1.582702821529897164e-01 1.582609170053500269e-01 1.582599803917149328e-01 1.582598866660328008e-01
3.526654371319368209e-01 5.244045602069794464e+10 3.143674177166805744e+09 1.051669235463650078e+08 5.035676481156985407e-01 2.079119449964028643e-01 1.922807291449789846e-01 1.907975382542775600e-01 1.906469879838806614e-01 1.906333348914406312e-01 1.906319176414919825e-01 1.906317732237573781e-01
3.908015708246992403e-01 6.133360893160747528e+10 3.786006634927706242e+09 1.496287704218575060e+08 8.507027211261105615e-01 2.547230094562570879e-01 2.299561976276247588e-01 2.276468266747819214e-01 2.274168960314731369e-01 2.273935867162228397e-01 2.273912956128696927e-01 2.273910659200461537e-01
4.330616263422369383e-01 7.155694325861389160e+10 4.533294591145933151e+09 2.015338196657320559e+08 1.660786418513084728e+00 3.115002532776485755e-01 2.724621967061156558e-01 2.689233954216862510e-01 2.685722057197661994e-01 2.685358195234450185e-01 2.685333509688126452e-01 2.685315716808324704e-01
4.798915516496440326e-01 8.329306431947871399e+10 5.401491712988175392e+09 2.618363209902980328e+08 2.024259504965476299e+04 3.810271923524159443e-01 3.200415094731822174e-01 3.146184485062734626e-01 3.140794888562387643e-01 3.140269942098584677e-01 3.140216998574729690e-01 3.140211717938549141e-01
5.317855181255572994e-01 9.674836956368405151e+10 6.408548474648400307e+09 3.318805097286261320e+08 1.600773277378710452e+06 4.674514733402853617e-01 3.723635044112190706e-01 3.642366764301629423e-01 3.634348018548170245e-01 3.633543072523432449e-01 3.633463005677509683e-01 3.633455002163338832e-01
5.892911352907692635e-01 1.121561239689217987e+11 7.574683956298344612e+09 4.133416352082175016e+08 5.542723898774432950e+06 5.770930983652311497e-01 4.294568282298852901e-01 4.174161196957330566e-01 4.162289443268307187e-01 4.161102293425655296e-01 4.160981195718452263e-01 4.160969406351852085e-01
6.530152294412288061e-01 1.297799076444227905e+11 8.922697633859912872e+09 5.081945932449483871e+08 1.132593902072266489e+07 7.207548156129318651e-01 4.909462885519953468e-01 4.733458587696492414e-01 4.716275761142754708e-01 4.714569721520179835e-01 4.714398391690921564e-01 4.714381250200316287e-01
7.236302471642841461e-01 1.499174841766467285e+11 1.047832251900810242e+10 6.187053336361935139e+08 1.869568384402987361e+07 9.179587201406248509e-01 5.565504966485944616e-01 5.311382301446337939e-01 5.286964145233185031e-01 5.284500393447426614e-01 5.284256275772731826e-01 5.284231741113329939e-01
8.018813513110725211e-01 1.729051394778490601e+11 1.227062265258438301e+10 7.474403609505957365e+08 2.755858052248607576e+07 1.208709641133359547e+00 6.263497535065982724e-01 5.899375507480598690e-01 5.864476081502373317e-01 5.860947145059076657e-01 5.860598119191826605e-01 5.860563160368287283e-01
8.885942843051027884e-01 1.991225523022267761e+11 1.433243903111397552e+10 8.972905922924987078e+08 3.796060467559411377e+07 1.734600100953689994e+00 7.004005959717014562e-01 6.487894065318823289e-01 6.438889098726939819e-01 6.433966349514436134e-01 6.433483729971258835e-01 6.433435143312921101e-01
9.846840817643484067e-01 2.289982604163091431e+11 1.670088939076022720e+10 1.071506888411763906e+09 5.006169835358192027e+07 4.573553484184379236e+00 7.795088224888232498e-01 7.068233917730146754e-01 7.000331911101516091e-01 6.993639006224890986e-01 6.992964381585817790e-01 6.992896897844941284e-01
1.091164728387089111e+00 2.630157949589098206e+11 1.941792823973077393e+10 1.273745528043708086e+09 6.411388837653174996e+07 1.163308368376527214e+05 8.651005532218480898e-01 7.632611880882086419e-01 7.539313751698413224e-01 7.530156631735720474e-01 7.529196337624228796e-01 7.529104100741327299e-01
1.209159857994953624e+00 3.017205691304281006e+11 2.253097431217864990e+10 1.508122656028584242e+09 8.044560705567832291e+07 7.549385196644584648e+05 9.602396282184608722e-01 8.174882813315704766e-01 8.047955807386344418e-01 8.035445528280046323e-01 8.034171661267437425e-01 8.034045931317724820e-01
1.339914610645029036e+00 3.457276064233934937e+11 2.609361417525506592e+10 1.779277353349828959e+09 9.945229408934293687e+07 1.827157909484239062e+06 1.071733814699398657e+00 8.692000531190879897e-01 8.520435934865431271e-01 8.503486625771765617e-01 8.501834744025248414e-01 8.501665853112790883e-01
1.484808771932877747e+00 3.957302181063623047e+11 3.016639118895104599e+10 2.092443423306066275e+09 1.215923869835477024e+08 3.260233561237466522e+06 1.216866117952325688e+00 9.185668390510571824e-01 8.953092570403931028e-01 8.930371824666704095e-01 8.928105893054368858e-01 8.927878571939008578e-01
1.645371333138542003e+00 4.525097372269296265e+11 3.481769072669058990e+10 2.453530405272613049e+09 1.473876521925393343e+08 5.018980585555037484e+06 1.447246612080944406e+00 9.665639397169516478e-01 9.350151110254610876e-01 9.318196807819436600e-01 9.315150889204424356e-01 9.314845309896786496e-01
1.823296625861047238e+00 5.169464506212528076e+11 4.012473337122083282e+10 2.869214548920310020e+09 1.774269522261371017e+08 7.100314100023743697e+06 1.934756252230762197e+00 1.015460203293725439e+00 9.716492035752991585e-01 9.674600899978943458e-01 9.670454101360619337e-01 9.670032260081242725e-01
2.020462201401659108e+00 5.900318481725733643e+11 4.617468965267674255e+10 3.347040827266479015e+09 2.123727695251351893e+08 9.528045904733074829e+06 3.663550106297348119e+00 1.069144285213136314e+00 1.007024042451032164e+00 1.001199512635433164e+00 1.000621933573289102e+00 1.000567933608172311e+00
2.238948643567525210e+00 6.728823818231566162e+11 5.306593139577358246e+10 3.895537242517436981e+09 2.529700239053353071e+08 1.234776501594548859e+07 3.321440009743590053e+03 1.133789104032320028e+00 1.042938970592565351e+00 1.034741782284255063e+00 1.033923578849969660e+00 1.033842793986906816e+00
2.481061523969742222e+00 7.667548934092218018e+11 6.090943636361820984e+10 4.524342891710894585e+09 3.000569018754610419e+08 1.562286183530001715e+07 9.125871520875144051e+04 1.218850334991940176e+00 1.081698396482591251e+00 1.070028564031193952e+00 1.068821028491730329e+00 1.068713486793355427e+00
2.749355731498453359e+00 8.730639087574488525e+11 6.983036441238288879e+10 5.244351532960105896e+09 3.545775665523613095e+08 1.943191665055149049e+07 2.836844072900636820e+05 1.340830980868960909e+00 1.125618249003076166e+00 1.108397520268960879e+00 1.106717626156436651e+00 1.106549783051488545e+00
3.046662432711031876e+00 9.934010371276137695e+11 7.996982722534774780e+10 6.067872547668632507e+09 4.175967223365681171e+08 2.386733513602066040e+07 5.587740646660191705e+05 1.526745313955918393e+00 1.177622772347563185e+00 1.152136787317215028e+00 1.149673443651125782e+00 1.149417903235193883e+00
3.376118947632046119e+00 1.129556740863676758e+12 9.148687403300300598e+10 7.008811507536135674e+09 4.903161079319489598e+08 2.903501641805100441e+07 9.058493588766088942e+05 1.834421760540270174e+00 1.240138809921868646e+00 1.202279213865133478e+00 1.198632848754658031e+00 1.198279716696172059e+00
3.741201856228492773e+00 1.283544706307125488e+12 1.045607206220788574e+11 8.082872746432178497e+09 5.740930511511508226e+08 3.505484020037776232e+07 1.321417883074317593e+06 2.453620945418634403e+00 1.315729786116129452e+00 1.259412710126150747e+00 1.254035579151039359e+00 1.253500805020221209e+00
4.145763684915336533e+00 1.457629197241680176e+12 1.193932493503775787e+11 9.307786749401056290e+09 6.704612883272267580e+08 4.206180914058383554e+07 1.808212240983840777e+06 4.654410200340059589e+00 1.407904461370798055e+00 1.323850369944369332e+00 1.316026573437518499e+00 1.315241065824544586e+00
4.594073560224669173e+00 1.654355670588113525e+12 1.362118144524686584e+11 1.070356531701338196e+10 7.811542949483309984e+08 5.020772516469952464e+07 2.374071082445623819e+06 8.583336828940998942e+01 1.523387548373119182e+00 1.396283767976768564e+00 1.384782767742569032e+00 1.383641529332154230e+00
5.090862258635080906e+00 1.876585129125270996e+12 1.552723897050360718e+11 1.229278797084050369e+10 9.081314254521024227e+08 5.966332263372552395e+07 3.030988342588838656e+06 9.788888218991791291e+03 1.675430261337875093e+00 1.478596305343861772e+00 1.461540802173512343e+00 1.459869081928061529e+00
5.641372127948172555e+00 2.127532622176131592e+12 1.768630986349578552e+11 1.410092356594894981e+10 1.053607210220183849e+09 7.062081640699088573e+07 3.794431949294736143e+06 4.327301268830706249e+04 1.890570283953582953e+00 1.573952172242595759e+00 1.548386916049480089e+00 1.545891099772455757e+00
6.251412407006109895e+00 2.410810303581128418e+12 2.013081717716689453e+11 1.615669104752833557e+10 1.220084197593455315e+09 8.329684923057270050e+07 4.682940417639181949e+06 9.553888671950915887e+04 2.227959772808006278e+00 1.687444701235288003e+00 1.648503362194912780e+00 1.644714206696323844e+00
6.927420527509812409e+00 2.730475707201551270e+12 2.289723854880993958e+11 1.849246458078261185e+10 1.410389787435687542e+09 9.793584479618176818e+07 5.717960276929049753e+06 1.637309450238847930e+05 2.853331175799959318e+00 1.826861457693775170e+00 1.766324777266296664e+00 1.760507288021410099e+00
7.676530044823433485e+00 3.091085974553389648e+12 2.602660417152272034e+11 2.114472807885952759e+10 1.627717558239665031e+09 1.148137896503401399e+08 6.923876067209944129e+06 2.465607696832014190e+05 4.425873755311242164e+00 2.004951849436138023e+00 1.908208853111228676e+00 1.899129856133303873e+00
8.506645914602792402e+00 3.497758233471061523e+12 2.956505396015521851e+11 2.415458523887572861e+10 1.875673630496894121e+09 1.342424811311748028e+08 8.328195760245732963e+06 3.441245855224706465e+05 1.087674960330354601e+01 2.243919166078220950e+00 2.084086523236149180e+00 2.069478937412926989e+00
9.426527909602249622e+00 3.956237603430135254e+12 3.356446422094562378e+11 2.756833180658081436e+10 2.158328717733826637e+09 1.565742892239998281e+08 9.961860452235754579e+06 4.576871761627982487e+05 6.606411834780440984e+01 2.586331840604251031e+00 2.309028984585516309e+00 2.284855590907671541e+00
1.044588305691332231e+01 4.472973077733408203e+12 3.808314649282229004e+11 3.143809774704557419e+10 2.480276538935254574e+09 1.822074923169748783e+08 1.185965979587590694e+07 5.894695810659362469e+05 1.272911477776631273e+03 3.118074088927680343e+00 2.608170718674600153e+00 2.566699508616000713e+00
1.157546807107612530e+01 5.055202592413057617e+12 4.318663494346262817e+11 3.582256711026336670e+10 2.846699390063731194e+09 2.115922561981314123e+08 1.406073894259233214e+07 7.424865279690260068e+05 7.151990512058127024e+03 4.019458027843641368e+00 3.020029554665532689e+00 2.946564509777402030e+00
1.282720286398612508e+01 5.711048229100486328e+12 4.894856487367276001e+11 4.078778591614143372e+10 3.263441740745982170e+09 2.452373357009740770e+08 1.660919304983963445e+07 9.204388776343880454e+05 1.716163556955063541e+04 5.689188542611172572e+00 3.602808834075390543e+00 3.469307340314495836e+00
1.421429632940602517e+01 6.449622862942498047e+12 5.545165929935515137e+11 4.640806803382243347e+10 3.737092850222692490e+09 2.837175895949609280e+08 1.955474767081921548e+07 1.127658918297798606e+06 3.060731253228769492e+04 9.095137289965384397e+00 4.440515379810245911e+00 4.194113625114246346e+00
1.575138572941993864e+01 7.281149396083547852e+12 6.278883229365113525e+11 5.276701019091874695e+10 4.275079469872763634e+09 3.276824097886489034e+08 2.295352889183235168e+07 1.369102384760590736e+06 4.714378116346952447e+04 1.693823559844524240e+01 5.654033543822921004e+00 5.196452826883211529e+00
1.745469115370143243e+01 8.217094282218588867e+12 7.106442673654659424e+11 5.995863065747202301e+10 4.885769890525698662e+09 3.778651793709018230e+08 2.686892965190122277e+07 1.650373315093292622e+06 6.671420555933054129e+04 3.837868595802774507e+01 7.419387300096484061e+00 6.568946048957008621e+00
1.934218668152204401e+01 9.270316822874712891e+12 8.039559818095020752e+11 6.808864588202690125e+10 5.578590663968461037e+09 4.350938868279814720e+08 3.137258163813254982e+07 1.977780130910072941e+06 8.951436122824939957e+04 1.134441424132536582e+02 1.000170015571798210e+01 8.423449685740280302e+00
2.143379005268239013e+01 1.045523668625569531e+13 9.091386876747493896e+11 7.727590044212799072e+10 6.364157603848714828e+09 5.003030395885385275e+08 3.654544440511707217e+07 2.358414743702742271e+06 1.159521664513031137e+05 4.619579264768792655e+02 1.381744302922952272e+01 1.089339315403052488e+01
2.375157284886238784e+01 1.178802034451273828e+13 1.027668600150352905e+12 8.765396935033015442e+10 7.254422650868177414e+09 5.745470372758566141e+08 4.247902577483511716e+07 2.800252915821488481e+06 1.466125042952172225e+05 1.658418819949966064e+03 1.955021948702087897e+01 1.413771441924529348e+01
2.631999340332326653e+01 1.328679103253336523e+13 1.161202400575715820e+12 9.937295537978752136e+10 8.262838732845218658e+09 6.590151812495213747e+08 4.927674937112949044e+07 3.312273505872192793e+06 1.822320652995011769e+05 3.686212372537886040e+03 2.839949390258846051e+01 1.833106352627629931e+01
2.916615489673395345e+01 1.497186250703050586e+13 1.311598976662221924e+12 1.126015005124940491e+11 9.404544480922945023e+09 7.550485211483488083e+08 5.705548806135825068e+07 3.904596084698309191e+06 2.236848813120195700e+05 6.403515175561069555e+03 4.258966021942757862e+01 2.369179875484640263e+01
3.232009136266993465e+01 1.686600036381291016e+13 1.480943806053631348e+12 1.275290401243540344e+11 1.069657151122263336e+10 8.641587669229223728e+08 6.594728342965898663e+07 4.588637752470604144e+06 2.719774142269711592e+05 9.741315179076622371e+03 6.652475797572489569e+01 3.046149707258107853e+01
3.581508462084953948e+01 1.899471600141814844e+13 1.671576239349657715e+12 1.443683278305470276e+11 1.215807669635476875e+10 9.880495072834445238e+08 7.610127503772072494e+07 5.377289542464418337e+06 3.282516484254273819e+05 1.368481699801339346e+04 1.095130760676838264e+02 3.893002815763462365e+01
3.968801548253567546e+01 2.138659283906635156e+13 1.886119940556033936e+12 1.633582645137764893e+11 1.381060264248200989e+10 1.128640022078757048e+09 8.768586529709117115e+07 6.285114798934719525e+06 3.937943314549341449e+05 1.826870958158615394e+04 1.922349680357798434e+02 4.945193125428945535e+01
4.397975293418783593e+01 2.407365393192317188e+13 2.127517118857288574e+12 1.847670643691109619e+11 1.567836962300556755e+10 1.288092001646465540e+09 1.008911493391293287e+08 7.328571489622964524e+06 4.700521248460489442e+05 2.357119277255678026e+04 3.612751968101458715e+02 6.244475946386759801e+01
4.873558540621255020e+01 2.709176987557939844e+13 2.399066718144178223e+12 2.088957986191583557e+11 1.778860260944990540e+10 1.468839511488009214e+09 1.159316419097289145e+08 8.526261311437839642e+06 5.586513471330247121e+05 2.970740120989490242e+04 6.804832427259317456e+02 7.850020086530831520e+01
5.400569867776354016e+01 3.048111734397614844e+13 2.704467057938663086e+12 2.360823707848106079e+11 2.017189809777151489e+10 1.673622621607747316e+09 1.330493389557915777e+08 9.899208797831181437e+06 6.614214212638509925e+05 3.682478269767146412e+04 1.138342984916170735e+03 9.841457347698528224e+01
5.984570546066733954e+01 3.428669252752264844e+13 3.047863827332075195e+12 2.667059580139226990e+11 2.286263446724015808e+10 1.905525102645435333e+09 1.525171534604994059e+08 1.147117423671377078e+07 7.804229350425412413e+05 4.510012477277803555e+04 1.715504285613761340e+03 1.233031460284126410e+02
6.631723225089223206e+01 3.855888079707739062e+13 3.433903394833027344e+12 3.011919854075669556e+11 2.589943278476104736e+10 2.168016710203098774e+09 1.746427720838772953e+08 1.326900449513702653e+07 9.179792967086860444e+05 5.473810394377054035e+04 2.403945361107721055e+03 1.548908554807348139e+02
7.348856964029403116e+01 4.335409729061082031e+13 3.867792744763991699e+12 3.400176960749035034e+11 2.932567140869192886e+10 2.465000591653230190e+09 1.997729836184344888e+08 1.532302656977450661e+07 1.076712777261301177e+06 6.597166658419562737e+04 3.204413296083222576e+03 1.957530582411611988e+02
8.143539295103335007e+01 4.873550038131932812e+13 4.355366362842486328e+12 3.837183846970767212e+11 3.319006431875810623e+10 2.800866434669742107e+09 2.282985356384439468e+08 1.766748914700221643e+07 1.259584903407102451e+06 7.906366750192042673e+04 4.126113170673038439e+03 2.496967888588321216e+02
9.024156079713677059e+01 5.477379654256680469e+13 4.903161021473890625e+12 4.328943646702996216e+11 3.754730676861179352e+10 3.180550041309989452e+09 2.606595847459967732e+08 2.034105821614952385e+07 1.469941824949358590e+06 9.430947643443258130e+04 5.185969920401448690e+03 3.222182907354046506e+02
1.000000000000000000e+02 6.154812590627447656e+13 5.518499465544713867e+12 4.882187752247778931e+11 4.245879965497924805e+10 3.609600101160997391e+09 2.973518103764765263e+08 2.338737319313422590e+07 1.711565230163727421e+06 1.120411152367227769e+05 6.407864685440955327e+03 4.141333498900664267e+02
