# E_gamma_TeV tau_xi_-1e+06 tau_xi_-1e+05 tau_xi_-1e+04 tau_xi_-1e+03 tau_xi_-1e+02 tau_xi_-1e+01 tau_xi_0e+00 tau_xi_1e+01 tau_xi_1e+02 tau_xi_1e+03 tau_xi_1e+04 tau_xi_1e+05 tau_xi_1e+06
1.584893192461113431e-02 0.000000000000000000e+00 0.000000000000000000e+00 0.000000000000000000e+00 0.000000000000000000e+00 0.000000000000000000e+00 0.000000000000000000e+00 0.000000000000000000e+00 0.000000000000000000e+00 0.000000000000000000e+00 0.000000000000000000e+00 0.000000000000000000e+00 0.000000000000000000e+00 0.000000000000000000e+00
1.731345882257469965e-02 0.000000000000000000e+00 0.000000000000000000e+00 0.000000000000000000e+00 0.000000000000000000e+00 0.000000000000000000e+00 0.000000000000000000e+00 0.000000000000000000e+00 0.000000000000000000e+00 0.000000000000000000e+00 0.000000000000000000e+00 0.000000000000000000e+00 0.000000000000000000e+00 0.000000000000000000e+00
1.891331591471545961e-02 0.000000000000000000e+00 0.000000000000000000e+00 0.000000000000000000e+00 0.000000000000000000e+00 0.000000000000000000e+00 0.000000000000000000e+00 0.000000000000000000e+00 0.000000000000000000e+00 0.000000000000000000e+00 0.000000000000000000e+00 0.000000000000000000e+00 0.000000000000000000e+00 0.000000000000000000e+00
2.066100844179171586e-02 0.000000000000000000e+00 0.000000000000000000e+00 0.000000000000000000e+00 0.000000000000000000e+00 0.000000000000000000e+00 0.000000000000000000e+00 0.000000000000000000e+00 0.000000000000000000e+00 0.000000000000000000e+00 0.000000000000000000e+00 0.000000000000000000e+00 0.000000000000000000e+00 0.000000000000000000e+00
2.257019719633919161e-02 0.000000000000000000e+00 0.000000000000000000e+00 0.000000000000000000e+00 0.000000000000000000e+00 0.000000000000000000e+00 0.000000000000000000e+00 0.000000000000000000e+00 0.000000000000000000e+00 0.000000000000000000e+00 0.000000000000000000e+00 0.000000000000000000e+00 0.000000000000000000e+00 0.000000000000000000e+00
2.465580530189559472e-02 0.000000000000000000e+00 0.000000000000000000e+00 0.000000000000000000e+00 0.000000000000000000e+00 0.000000000000000000e+00 0.000000000000000000e+00 0.000000000000000000e+00 0.000000000000000000e+00 0.000000000000000000e+00 0.000000000000000000e+00 0.000000000000000000e+00 0.000000000000000000e+00 0.000000000000000000e+00
2.693413485920200662e-02 0.000000000000000000e+00 0.000000000000000000e+00 0.000000000000000000e+00 0.000000000000000000e+00 0.000000000000000000e+00 0.000000000000000000e+00 0.000000000000000000e+00 0.000000000000000000e+00 0.000000000000000000e+00 0.000000000000000000e+00 0.000000000000000000e+00 0.000000000000000000e+00 0.000000000000000000e+00
2.942299437114336350e-02 0.000000000000000000e+00 0.000000000000000000e+00 0.000000000000000000e+00 0.000000000000000000e+00 0.000000000000000000e+00 0.000000000000000000e+00 0.000000000000000000e+00 0.000000000000000000e+00 0.000000000000000000e+00 0.000000000000000000e+00 0.000000000000000000e+00 0.000000000000000000e+00 0.000000000000000000e+00
3.214183794244145076e-02 0.000000000000000000e+00 0.000000000000000000e+00 0.000000000000000000e+00 0.000000000000000000e+00 0.000000000000000000e+00 0.000000000000000000e+00 0.000000000000000000e+00 0.000000000000000000e+00 0.000000000000000000e+00 0.000000000000000000e+00 0.000000000000000000e+00 0.000000000000000000e+00 0.000000000000000000e+00
3.511191734215130672e-02 6.999721317145239483e-07 8.202322049576879893e-07 8.329647798580374275e-07 8.342125823844398785e-07 8.343310007267091725e-07 8.343442540311583367e-07 8.343456989855771122e-07 8.343471427587331628e-07 8.343601243775134671e-07 8.344895548509022203e-07 8.357519876414427092e-07 8.486268773533630840e-07 9.845395379786652702e-07
3.835644811755342665e-02 8.339808959468030769e-06 9.042923022473651649e-06 9.115266149853903783e-06 9.122551121447496561e-06 9.123220099096260549e-06 9.123292277042085896e-06 9.123300295048392131e-06 9.123308329706781655e-06 9.123380603010710537e-06 9.124092892565001118e-06 9.131217898938106189e-06 9.204406265207700614e-06 9.953107858136294342e-06
4.190079105786669034e-02 3.080038904112801068e-05 3.339236785770628615e-05 3.366374283877304361e-05 3.369058534508922336e-05 3.369342489228574071e-05 3.369373182596177325e-05 3.369376284972221104e-05 3.369379390026347926e-05 3.369407268679013273e-05 3.369687366888322817e-05 3.372409264121101143e-05 3.399952207596860848e-05 3.689038021691941219e-05
4.577265042618829799e-02 1.009099590501235565e-04 1.105634601740435155e-04 1.115664739380424389e-04 1.116666438674085112e-04 1.116728604670770504e-04 1.116740493566204499e-04 1.116741734702321719e-04 1.116742978388356682e-04 1.116754863734099483e-04 1.116869603393037537e-04 1.117881760583528544e-04 1.128005383243440494e-04 1.233400992072669622e-04
5.000229050913546774e-02 2.607589349862872181e-04 2.849255840722929181e-04 2.874548399070770777e-04 2.876899825775616217e-04 2.877140977455450600e-04 2.877169202744735230e-04 2.877172047745516956e-04 2.877174892456728339e-04 2.877200588082417946e-04 2.877444372143272847e-04 2.879836538047213105e-04 2.905243508645149715e-04 3.166964024086046394e-04
5.462277217684340103e-02 5.379874344329636402e-04 5.879607869088972032e-04 5.931570317628352814e-04 5.936542088142203553e-04 5.937060132490804866e-04 5.937113052998990986e-04 5.937118844744454201e-04 5.937124639251165677e-04 5.937204885302233828e-04 5.937829978634920867e-04 5.942997375647783055e-04 5.995136169806042793e-04 6.536989482867253771e-04
5.967021130238470833e-02 9.541166776689959756e-04 1.047196600032982089e-03 1.056842460480138073e-03 1.057823553580701731e-03 1.057911962854453207e-03 1.057921799272341316e-03 1.057922886502131237e-03 1.057923969124994991e-03 1.057933861805806022e-03 1.058045347364587911e-03 1.059005254484299535e-03 1.068762095643234662e-03 1.170352989804860624e-03
6.518406106053843685e-02 1.526622489831182174e-03 1.689165793465780560e-03 1.706194970726751872e-03 1.707885267931202097e-03 1.708053533851700652e-03 1.708070658789899486e-03 1.708072568236362844e-03 1.708074469645787285e-03 1.708091566967940168e-03 1.708270504783985892e-03 1.709972593614347489e-03 1.727140287614531422e-03 1.906899881025956927e-03
7.120742031249006898e-02 2.269332064928829881e-03 2.541650843708925973e-03 2.570411726391396562e-03 2.573298887434215428e-03 2.573591262236989141e-03 2.573619526946300477e-03 2.573622674223234336e-03 2.573625808524120876e-03 2.573653990678982824e-03 2.573920475587692432e-03 2.576860374229308828e-03 2.605938121053644890e-03 2.912968098904135036e-03
7.778737048694307765e-02 3.192200441766820246e-03 3.635797240666119052e-03 3.683193053450124939e-03 3.687966242587826116e-03 3.688406832783900843e-03 3.688454595231061353e-03 3.688459900570105303e-03 3.688465209835338054e-03 3.688512986234940630e-03 3.688981883012814374e-03 3.693732014087755186e-03 3.741773388195159065e-03 4.255698207195833006e-03
8.497534359086438005e-02 4.300001269551543756e-03 5.007805227718833095e-03 5.084795793075244826e-03 5.092433849355718946e-03 5.093219442841537270e-03 5.093298452920906084e-03 5.093307193003300017e-03 5.093315921049786088e-03 5.093393002650249690e-03 5.094157925557589103e-03 5.101932387063523588e-03 5.180154162731173337e-03 6.033702982453918728e-03
9.282752422641028789e-02 5.589570079963437216e-03 6.706121656096537993e-03 6.830260214014238947e-03 6.842840729113686300e-03 6.844100149978426043e-03 6.844226070263994405e-03 6.844226241497585947e-03 6.844240863838393744e-03 6.844366616796514202e-03 6.845616124062340810e-03 6.858146118729727299e-03 6.985400242416319773e-03 8.414159056489020974e-03
1.014052887563868521e-01 7.049960770793516768e-03 8.800859477342373380e-03 9.001951410399536627e-03 9.022311367367389853e-03 9.024647829567232840e-03 9.024857024834787717e-03 9.024879879323939591e-03 9.024921505458052134e-03 9.025094683981197199e-03 9.027020368484735963e-03 9.047640152158635540e-03 9.255497322093015136e-03 1.168833384634242537e-02
1.107756850509708652e-01 8.655239792454014203e-03 1.138607993085017679e-02 1.171369217194211457e-02 1.174741433230123283e-02 1.175101052649104617e-02 1.175134826852869234e-02 1.175138525091708880e-02 1.175142220404019194e-02 1.175175539884275137e-02 1.175512452018687842e-02 1.178804813439754060e-02 1.213044274612448854e-02 1.635028619934962221e-02
1.210119565656185558e-01 1.035312385789540629e-02 1.457761211197070375e-02 1.511126770636057708e-02 1.516585984263803429e-02 1.517128523550373767e-02 1.517182832148437563e-02 1.517188859035506834e-02 1.517194118875597741e-02 1.517248069226561323e-02 1.517807382769412877e-02 1.523342918936452205e-02 1.579776322430804028e-02 2.319828922641111249e-02
1.321941148466028726e-01 1.205560325458407411e-02 1.849152379837788393e-02 1.935393742417341328e-02 1.944288148145153702e-02 1.945191197938997765e-02 1.945279399179824023e-02 1.945289230545573303e-02 1.945299063231350697e-02 1.945366524157664256e-02 1.946252712653638584e-02 1.955237199976881876e-02 2.047735371616250105e-02 3.359436006870680780e-02
1.444095649391544389e-01 1.363227151273951367e-02 2.322699221763416602e-02 2.460467608376267282e-02 2.474605443593029530e-02 2.475963620867640408e-02 2.476106807817023830e-02 2.476122704436304126e-02 2.476138607477413808e-02 2.476281498847733575e-02 2.477847810723854058e-02 2.492181313560502126e-02 2.642926239171264693e-02 5.012999908294814982e-02
1.577537885866919509e-01 1.491754856497767324e-02 2.886580519921999599e-02 3.103803715123122642e-02 3.126676279791091445e-02 3.128992757726711121e-02 3.129224097381706066e-02 3.129249570184815255e-02 3.129274987505867994e-02 3.129504528109418315e-02 3.131776969780875053e-02 3.154947660741418136e-02 3.398283345856347587e-02 7.829806781470759203e-02
1.723310905613508193e-01 1.573342540197071940e-02 3.546134704124526832e-02 3.884561924738911404e-02 3.920614562643094658e-02 3.924244118511958229e-02 3.924604735741618611e-02 3.924645476664478938e-02 3.924685755069487469e-02 3.925045929403461753e-02 3.928685874456453592e-02 3.965313819558304032e-02 4.355985998687550431e-02 1.303125370399590421e-01
1.882554139594831699e-01 1.592554308069598842e-02 4.300939239438553857e-02 4.823522784703281052e-02 4.880048905273900312e-02 4.885745285082648132e-02 4.886317754229865806e-02 4.886381644415482839e-02 4.886444513601561485e-02 4.887026303781685788e-02 4.892807314564345811e-02 4.950370143920682087e-02 5.576496282159375262e-02 2.361777968839127440e-01
2.056512308348650286e-01 1.541117927991042524e-02 5.146309646623559858e-02 5.943039848791888818e-02 6.031163022556424586e-02 6.039998707191306104e-02 6.040880947378233362e-02 6.040989692346879214e-02 6.041088322631978091e-02 6.041984663712914039e-02 6.050905065194601279e-02 6.140963879609262488e-02 7.143387633654464663e-02 4.777351752492621784e-01
2.246545151312207833e-01 1.420808426398033515e-02 6.066581018751669718e-02 7.265970659191298142e-02 7.401792653997359139e-02 7.416192758799665385e-02 7.417778984506284701e-02 7.417744927669125965e-02 7.417896086901100416e-02 7.419262837380526110e-02 7.433602740769020001e-02 7.572328772764810867e-02 9.170135017113448250e-02 1.604487455627180426e+00
2.454138055189677425e-01 1.244962653562385266e-02 7.034283860971385360e-02 8.810732945923160919e-02 9.017281517587794060e-02 9.038468958708209544e-02 9.040582427385281117e-02 9.040801420053251602e-02 9.041036143763134247e-02 9.043146127872686568e-02 9.064402857075819220e-02 9.278827567438237278e-02 1.181303861208582856e-01 0.000000000000000000e+00
2.680913664438150934e-01 1.035047971812397619e-02 8.005469319614412493e-02 1.058621876546146229e-01 1.089793045688845496e-01 1.092953643925121815e-01 1.093271622949434224e-01 1.093307064630627823e-01 1.093342485897132316e-01 1.093661738063473748e-01 1.096856780649887592e-01 1.129443220630492878e-01 1.530461881814399183e-01 0.000000000000000000e+00
2.928644564625235702e-01 8.145117215789660775e-03 8.920226036523405677e-02 1.259720612720620914e-01 1.306030803865498857e-01 1.310786520039851077e-01 1.311263057243532426e-01 1.311314905372496509e-01 1.311366566063894568e-01 1.311841648400988714e-01 1.316606365760047692e-01 1.365442793547143596e-01 1.999665863179458936e-01 0.000000000000000000e+00
3.199267137797383032e-01 6.029705258796799749e-03 9.706432994557394334e-02 1.483686006218027653e-01 1.551593041110632121e-01 1.558571645912880388e-01 1.559270183354009021e-01 1.559350036339268164e-01 1.559428454431671662e-01 1.560139190577480572e-01 1.567171539721923523e-01 1.639802137584731867e-01 2.644119004688466612e-01 0.000000000000000000e+00
3.494896698159075110e-01 4.135700689248020603e-03 1.028601321114923917e-01 1.728685895438137610e-01 1.827025786818969044e-01 1.837194901068104624e-01 1.838234080122700398e-01 1.838347258964373454e-01 1.838460926301953013e-01 1.839478519888360919e-01 1.849764546766090312e-01 1.956587609751276047e-01 3.549430512570774243e-01 0.000000000000000000e+00
3.817844026370506016e-01 2.553169095804119510e-03 1.058392882496213272e-01 1.991516157561556977e-01 2.132072339460573396e-01 2.146773302108372361e-01 2.148249077005566221e-01 2.148413817457907049e-01 2.148579103739131357e-01 2.150060723098601301e-01 2.164913761388833902e-01 2.320220088751951404e-01 4.869370146788218889e-01 0.000000000000000000e+00
4.170633431703653082e-01 1.333634142841803047e-03 1.053930238351551973e-01 2.267332648966420006e-01 2.465209466159591079e-01 2.486074781817147750e-01 2.488172081224067633e-01 2.488397369403352599e-01 2.488634695254364204e-01 2.490753110269756376e-01 2.511826975271588824e-01 2.734709109825024242e-01 6.875812524034639051e-01 0.000000000000000000e+00
4.556022483239121068e-01 5.014622680593475504e-04 1.012940570370773619e-01 2.548953831152726557e-01 2.822945278247853129e-01 2.852013896608496801e-01 2.854973878144232424e-01 2.855310847089901904e-01 2.855646460506836015e-01 2.858610199968811827e-01 2.888359693768005609e-01 3.206031695782948221e-01 1.041861112286348590e+00 0.000000000000000000e+00
4.977023564332108685e-01 8.389048441418206427e-05 9.360697718250661492e-02 2.827290923488526841e-01 3.201671051873740681e-01 3.242341894405887937e-01 3.246425429593928769e-01 3.246882201079678842e-01 3.247338017223092010e-01 3.251543481423723181e-01 3.292469731809103406e-01 3.739672985663619054e-01 3.191733487733133590e+00 0.000000000000000000e+00
5.436927418827446346e-01 4.060209112154524770e-06 8.293250690448135398e-02 3.092694923354787351e-01 3.597168797292480957e-01 3.652715522554046412e-01 3.658372644441260091e-01 3.658977219887435406e-01 3.659596750290020073e-01 3.665092797919626832e-01 3.721744819579387853e-01 4.348861495953593170e-01 0.000000000000000000e+00 0.000000000000000000e+00
5.939328873072053927e-01 0.000000000000000000e+00 7.027060398727118240e-02 3.333876662423923554e-01 4.004286309839461544e-01 4.079311159507549855e-01 4.086833417776569721e-01 4.087682789411177242e-01 4.088684929366661058e-01 4.096323992290031857e-01 4.173878925240600557e-01 5.049350361757573014e-01 0.000000000000000000e+00 0.000000000000000000e+00
6.488154934780251404e-01 0.000000000000000000e+00 5.685886941677028433e-02 3.538042573801285506e-01 4.417775686615187380e-01 4.519075029514066366e-01 4.529263420680462171e-01 4.530354597432102448e-01 4.531500733662645608e-01 4.541949105948586141e-01 4.646586995576623691e-01 5.861963648095656065e-01 0.000000000000000000e+00 0.000000000000000000e+00
7.087695488385971077e-01 0.000000000000000000e+00 4.388548213440833512e-02 3.693147964265923178e-01 4.831550944366563849e-01 4.966363139542324112e-01 4.979985705754964020e-01 4.981547975606201994e-01 4.983073893000257715e-01 4.996773774829473824e-01 5.137070592893162591e-01 6.814586398704827186e-01 0.000000000000000000e+00 0.000000000000000000e+00
7.742636826811265527e-01 0.000000000000000000e+00 3.227089188091123578e-02 3.787325796292391744e-01 5.237849185138763186e-01 5.415605466732340556e-01 5.433696595466472878e-01 5.435725273480510600e-01 5.437766856784703728e-01 5.455960445293102090e-01 5.641966283341348642e-01 7.952385872253832089e-01 0.000000000000000000e+00 0.000000000000000000e+00
8.458098281751332825e-01 0.000000000000000000e+00 2.258251443030948047e-02 3.809561393054236578e-01 5.629056439911820364e-01 5.861150724989531158e-01 5.884745499416335068e-01 5.887427288571173145e-01 5.890099265712709364e-01 5.914031865113874575e-01 6.158876303437460509e-01 9.379824158613979668e-01 0.000000000000000000e+00 0.000000000000000000e+00
9.239672238795645365e-01 0.000000000000000000e+00 1.507137812678134049e-02 3.752152976491582304e-01 5.997767415948712655e-01 6.296862885131500054e-01 6.327633224585892391e-01 6.331036894844910279e-01 6.334469688348156602e-01 6.365462808348493207e-01 6.684740736343485201e-01 1.157284500854222520e+00 0.000000000000000000e+00 0.000000000000000000e+00
1.009346785016240089e+00 0.000000000000000000e+00 9.695484961378791552e-03 3.610810811918545582e-01 6.334741720520548069e-01 6.716823370118532033e-01 6.756322211586471838e-01 6.760787203646142496e-01 6.765321295457296102e-01 6.805115583010092895e-01 7.218502019361340283e-01 3.070243011633710051e+00 0.000000000000000000e+00 0.000000000000000000e+00
1.102615878672568606e+00 0.000000000000000000e+00 6.043854680880693386e-03 3.387818780674237140e-01 6.631861619806455055e-01 7.115977040696601641e-01 7.166374892412219477e-01 7.172018648365171556e-01 7.177609727463548639e-01 7.228668513844606069e-01 7.762754480262097356e-01 0.000000000000000000e+00 0.000000000000000000e+00 0.000000000000000000e+00
1.204503540258781813e+00 0.000000000000000000e+00 3.567973537168123242e-03 3.089810955715959206e-01 6.881931071789347820e-01 7.490370828252372881e-01 7.554647644966746567e-01 7.561841392357107061e-01 7.569019021123479796e-01 7.633950908776711008e-01 8.323684303407975493e-01 0.000000000000000000e+00 0.000000000000000000e+00 0.000000000000000000e+00
1.315806171993986640e+00 0.000000000000000000e+00 1.895664879058882139e-03 2.730926853659682019e-01 7.076261414964899465e-01 7.836957997754048222e-01 7.918306329227491336e-01 7.927360868925452664e-01 7.936518600477276975e-01 8.019164663099608292e-01 8.915248381917977305e-01 0.000000000000000000e+00 0.000000000000000000e+00 0.000000000000000000e+00
1.437393767963104363e+00 0.000000000000000000e+00 8.174612513644421855e-04 2.330932536555187506e-01 7.209399835885582641e-01 8.153470880826013678e-01 8.256316175834662596e-01 8.267812716834710418e-01 8.279511610869216831e-01 8.384777825352597302e-01 9.563319245703942872e-01 0.000000000000000000e+00 0.000000000000000000e+00 0.000000000000000000e+00
1.570216714402683733e+00 0.000000000000000000e+00 2.037959238650836880e-04 1.914533268628594298e-01 7.273626888089630427e-01 8.438422582673195116e-01 8.568717238466848629e-01 8.583494797814135158e-01 8.598225398659049556e-01 8.732117538581118943e-01 1.033834550229913773e+00 0.000000000000000000e+00 0.000000000000000000e+00 0.000000000000000000e+00
1.715313218369851178e+00 0.000000000000000000e+00 1.462550920820344157e-05 1.509815074488612130e-01 7.262898144126811451e-01 8.690326431085260150e-01 8.855330878007466877e-01 8.873921413781511447e-01 8.892692776478544614e-01 9.064301018617261230e-01 1.145330179597052078e+00 0.000000000000000000e+00 0.000000000000000000e+00 0.000000000000000000e+00
1.873817422860383886e+00 0.000000000000000000e+00 1.518183920702271493e-09 1.140655538258388002e-01 7.172465701014502093e-01 8.907988751585315113e-01 9.117493371940756930e-01 9.141444179815186866e-01 9.165513090544037400e-01 9.388058663810563420e-01 1.359949137437277189e+00 0.000000000000000000e+00 0.000000000000000000e+00 0.000000000000000000e+00
2.046968271807521056e+00 0.000000000000000000e+00 0.000000000000000000e+00 8.238747653518858904e-02 6.998745291300075833e-01 9.090868569479175765e-01 9.359232521210424371e-01 9.390222918694716148e-01 9.421529087824949134e-01 9.716747136267340768e-01 1.993711679119840818e+00 0.000000000000000000e+00 0.000000000000000000e+00 0.000000000000000000e+00
2.236119194254531539e+00 0.000000000000000000e+00 0.000000000000000000e+00 5.686273675130924798e-02 6.740335177584978466e-01 9.238628787318917679e-01 9.586366463850379827e-01 9.627640935668354549e-01 9.669563913102344754e-01 1.007351911865423055e+00 3.313184283685660603e+01 0.000000000000000000e+00 0.000000000000000000e+00 0.000000000000000000e+00
2.442748683397140130e+00 0.000000000000000000e+00 0.000000000000000000e+00 3.766296629143131569e-02 6.398315369294456101e-01 9.350178058698422889e-01 9.807512783812646351e-01 9.863092071140572292e-01 9.919960994949643673e-01 1.049576267235090343e+00 0.000000000000000000e+00 0.000000000000000000e+00 0.000000000000000000e+00 0.000000000000000000e+00
2.668471853186575427e+00 0.000000000000000000e+00 0.000000000000000000e+00 2.396751038779673659e-02 5.976478237736964072e-01 9.423714592631308173e-01 1.003119431364906777e+00 1.010840766796377244e+00 1.018801779245086525e+00 1.103975440111454986e+00 0.000000000000000000e+00 0.000000000000000000e+00 0.000000000000000000e+00 0.000000000000000000e+00
2.915053062825174290e+00 0.000000000000000000e+00 0.000000000000000000e+00 1.461155497472086187e-02 5.481895908266960493e-01 9.453384317521082991e-01 1.026609614033223483e+00 1.037509734983460552e+00 1.048863765458932118e+00 1.180107243394382888e+00 0.000000000000000000e+00 0.000000000000000000e+00 0.000000000000000000e+00 0.000000000000000000e+00
3.184419707833543889e+00 0.000000000000000000e+00 0.000000000000000000e+00 8.565756476894746674e-03 4.924616640312880489e-01 9.432993346350855290e-01 1.052048371811743044e+00 1.067538931015650450e+00 1.083996033575657547e+00 1.295956587427181006e+00 0.000000000000000000e+00 0.000000000000000000e+00 0.000000000000000000e+00 0.000000000000000000e+00
3.478677285486804660e+00 0.000000000000000000e+00 0.000000000000000000e+00 4.942957484195754231e-03 4.321095656880941105e-01 9.352595957069472776e-01 1.079874714602784502e+00 1.102209885851791915e+00 1.126345181667381734e+00 1.484824003020878580e+00 0.000000000000000000e+00 0.000000000000000000e+00 0.000000000000000000e+00 0.000000000000000000e+00
3.800125852378501090e+00 0.000000000000000000e+00 0.000000000000000000e+00 2.795899152571989892e-03 3.693264953415386076e-01 9.202630985857414014e-01 1.110598198506812073e+00 1.142915073623274269e+00 1.178906727850066005e+00 1.818879585388564868e+00 0.000000000000000000e+00 0.000000000000000000e+00 0.000000000000000000e+00 0.000000000000000000e+00
4.151278002752293084e+00 0.000000000000000000e+00 0.000000000000000000e+00 1.470782506909736314e-03 3.067037597039207197e-01 8.976090723017173811e-01 1.144267140239511260e+00 1.191135549665433446e+00 1.245171003471424509e+00 2.609793745253686126e+00 0.000000000000000000e+00 0.000000000000000000e+00 0.000000000000000000e+00 0.000000000000000000e+00
4.534878508128580066e+00 0.000000000000000000e+00 0.000000000000000000e+00 6.580707234596124954e-04 2.468273675480869567e-01 8.670373619501390294e-01 1.180391249138575072e+00 1.248370058770303270e+00 1.329413419208128611e+00 8.104359348821903453e+00 0.000000000000000000e+00 0.000000000000000000e+00 0.000000000000000000e+00 0.000000000000000000e+00
4.953925771738688866e+00 0.000000000000000000e+00 0.000000000000000000e+00 1.920558690808668188e-04 1.915467067163618420e-01 8.289259769018617607e-01 1.218166351894306665e+00 1.315356985328874684e+00 1.436233521742236841e+00 8.099497980557150356e+01 0.000000000000000000e+00 0.000000000000000000e+00 0.000000000000000000e+00 0.000000000000000000e+00
5.411695265464635085e+00 0.000000000000000000e+00 0.000000000000000000e+00 1.539829472229611567e-05 1.425272142796786545e-01 7.843818009809435665e-01 1.255394718264892351e+00 1.392482401635341427e+00 1.573177850073156137e+00 0.000000000000000000e+00 0.000000000000000000e+00 0.000000000000000000e+00 0.000000000000000000e+00 0.000000000000000000e+00
5.911765132478685736e+00 0.000000000000000000e+00 0.000000000000000000e+00 2.255758034026141104e-08 1.015477019721980623e-01 7.348573750074119948e-01 1.289536347049695886e+00 1.480290949217851759e+00 1.753957895014867097e+00 0.000000000000000000e+00 0.000000000000000000e+00 0.000000000000000000e+00 0.000000000000000000e+00 0.000000000000000000e+00
6.458044155705079170e+00 0.000000000000000000e+00 0.000000000000000000e+00 0.000000000000000000e+00 6.928112045111438355e-02 6.818527695165084168e-01 1.316767990466247706e+00 1.579566648964188191e+00 2.008044282140198256e+00 0.000000000000000000e+00 0.000000000000000000e+00 0.000000000000000000e+00 0.000000000000000000e+00 0.000000000000000000e+00
7.054802310718641500e+00 0.000000000000000000e+00 0.000000000000000000e+00 0.000000000000000000e+00 4.519528191266463518e-02 6.263802610028480489e-01 1.333912873458698689e+00 1.691967698658242591e+00 2.405525318692463443e+00 0.000000000000000000e+00 0.000000000000000000e+00 0.000000000000000000e+00 0.000000000000000000e+00 0.000000000000000000e+00
7.706704141896231874e+00 0.000000000000000000e+00 0.000000000000000000e+00 0.000000000000000000e+00 2.826653874818704434e-02 5.690001472873247312e-01 1.337020046650925664e+00 1.819926242459352306e+00 3.151374947685263717e+00 0.000000000000000000e+00 0.000000000000000000e+00 0.000000000000000000e+00 0.000000000000000000e+00 0.000000000000000000e+00
8.418845222704815612e+00 0.000000000000000000e+00 0.000000000000000000e+00 0.000000000000000000e+00 1.708335135698214186e-02 5.104559723354504808e-01 1.322668918001020044e+00 1.967170674519003404e+00 4.961312267787757690e+00 0.000000000000000000e+00 0.000000000000000000e+00 0.000000000000000000e+00 0.000000000000000000e+00 0.000000000000000000e+00
9.196791985117059198e+00 0.000000000000000000e+00 0.000000000000000000e+00 0.000000000000000000e+00 9.945065393670829770e-03 4.515319013302444562e-01 1.288239226615524036e+00 2.138972239512078932e+00 1.157729546107544039e+01 0.000000000000000000e+00 0.000000000000000000e+00 0.000000000000000000e+00 0.000000000000000000e+00 0.000000000000000000e+00
1.004662522947998937e+01 0.000000000000000000e+00 0.000000000000000000e+00 0.000000000000000000e+00 5.560429938300474190e-03 3.925716933499850958e-01 1.232880012633771116e+00 2.343199241253234089e+00 1.347428127708274701e+02 0.000000000000000000e+00 0.000000000000000000e+00 0.000000000000000000e+00 0.000000000000000000e+00 0.000000000000000000e+00
1.097498765493055117e+01 0.000000000000000000e+00 0.000000000000000000e+00 0.000000000000000000e+00 3.060381671470744063e-03 3.339964598839077481e-01 1.157447588354582946e+00 2.590487563320515552e+00 0.000000000000000000e+00 0.000000000000000000e+00 0.000000000000000000e+00 0.000000000000000000e+00 0.000000000000000000e+00 0.000000000000000000e+00
1.198913578187811702e+01 0.000000000000000000e+00 0.000000000000000000e+00 0.000000000000000000e+00 1.680649703718856396e-03 2.767405883440561820e-01 1.065049246458981136e+00 2.894337853947314798e+00 0.000000000000000000e+00 0.000000000000000000e+00 0.000000000000000000e+00 0.000000000000000000e+00 0.000000000000000000e+00 0.000000000000000000e+00
1.309699667240489340e+01 0.000000000000000000e+00 0.000000000000000000e+00 0.000000000000000000e+00 8.763570892146544614e-04 2.226222231999924750e-01 9.609567344317023752e-01 3.271599116769595472e+00 0.000000000000000000e+00 0.000000000000000000e+00 0.000000000000000000e+00 0.000000000000000000e+00 0.000000000000000000e+00 0.000000000000000000e+00
1.430722989193756511e+01 0.000000000000000000e+00 0.000000000000000000e+00 0.000000000000000000e+00 3.982497160563521128e-04 1.736566157969207658e-01 8.522421898663797846e-01 3.741212449182745203e+00 0.000000000000000000e+00 0.000000000000000000e+00 0.000000000000000000e+00 0.000000000000000000e+00 0.000000000000000000e+00 0.000000000000000000e+00
1.562929519651202703e+01 0.000000000000000000e+00 0.000000000000000000e+00 0.000000000000000000e+00 1.254252022909087684e-04 1.310225057539693705e-01 7.461489423198218729e-01 4.324349049362482766e+00 0.000000000000000000e+00 0.000000000000000000e+00 0.000000000000000000e+00 0.000000000000000000e+00 0.000000000000000000e+00 0.000000000000000000e+00
1.707352647470689533e+01 0.000000000000000000e+00 0.000000000000000000e+00 0.000000000000000000e+00 1.113962035816462804e-05 9.491681477443002224e-02 6.479770381627241171e-01 5.048205122904528608e+00 0.000000000000000000e+00 0.000000000000000000e+00 0.000000000000000000e+00 0.000000000000000000e+00 0.000000000000000000e+00 0.000000000000000000e+00
1.865121252221099724e+01 0.000000000000000000e+00 0.000000000000000000e+00 0.000000000000000000e+00 4.059018271525117084e-08 6.565505379381657292e-02 5.608078831541256637e-01 5.946832249260197045e+00 0.000000000000000000e+00 0.000000000000000000e+00 0.000000000000000000e+00 0.000000000000000000e+00 0.000000000000000000e+00 0.000000000000000000e+00
2.037468528039707039e+01 0.000000000000000000e+00 0.000000000000000000e+00 0.000000000000000000e+00 0.000000000000000000e+00 4.349789576167751443e-02 4.862236397439855251e-01 7.063380174151474122e+00 0.000000000000000000e+00 0.000000000000000000e+00 0.000000000000000000e+00 0.000000000000000000e+00 0.000000000000000000e+00 0.000000000000000000e+00
2.225741622861621849e+01 0.000000000000000000e+00 0.000000000000000000e+00 0.000000000000000000e+00 0.000000000000000000e+00 2.756618434331902998e-02 4.237297882662768300e-01 8.449028821541144652e+00 0.000000000000000000e+00 0.000000000000000000e+00 0.000000000000000000e+00 0.000000000000000000e+00 0.000000000000000000e+00 0.000000000000000000e+00
2.431412168366088267e+01 0.000000000000000000e+00 0.000000000000000000e+00 0.000000000000000000e+00 0.000000000000000000e+00 1.672052594320511121e-02 3.705474506941666135e-01 1.016003665383362176e+01 0.000000000000000000e+00 0.000000000000000000e+00 0.000000000000000000e+00 0.000000000000000000e+00 0.000000000000000000e+00 0.000000000000000000e+00
2.656087782946685394e+01 0.000000000000000000e+00 0.000000000000000000e+00 0.000000000000000000e+00 0.000000000000000000e+00 9.816080014208484680e-03 3.228643975058476112e-01 1.224488408002429018e+01 0.000000000000000000e+00 0.000000000000000000e+00 0.000000000000000000e+00 0.000000000000000000e+00 0.000000000000000000e+00 0.000000000000000000e+00
2.901524637618094005e+01 0.000000000000000000e+00 0.000000000000000000e+00 0.000000000000000000e+00 0.000000000000000000e+00 5.570139130847754499e-03 2.786451543203246062e-01 1.473393251794070480e+01 0.000000000000000000e+00 0.000000000000000000e+00 0.000000000000000000e+00 0.000000000000000000e+00 0.000000000000000000e+00 0.000000000000000000e+00
3.169641183080506863e+01 0.000000000000000000e+00 0.000000000000000000e+00 0.000000000000000000e+00 0.000000000000000000e+00 3.035300568090688097e-03 2.375943944565772625e-01 1.764719205855671547e+01 0.000000000000000000e+00 0.000000000000000000e+00 0.000000000000000000e+00 0.000000000000000000e+00 0.000000000000000000e+00 0.000000000000000000e+00
3.462533145238919019e+01 0.000000000000000000e+00 0.000000000000000000e+00 0.000000000000000000e+00 0.000000000000000000e+00 1.623261851177218527e-03 1.989332166430078375e-01 2.099422221368682528e+01 0.000000000000000000e+00 0.000000000000000000e+00 0.000000000000000000e+00 0.000000000000000000e+00 0.000000000000000000e+00 0.000000000000000000e+00
3.782489906389380252e+01 0.000000000000000000e+00 0.000000000000000000e+00 0.000000000000000000e+00 0.000000000000000000e+00 8.741507114525371531e-04 1.623803622941746017e-01 2.476877962337044892e+01 0.000000000000000000e+00 0.000000000000000000e+00 0.000000000000000000e+00 0.000000000000000000e+00 0.000000000000000000e+00 0.000000000000000000e+00
4.132012400115332440e+01 0.000000000000000000e+00 0.000000000000000000e+00 0.000000000000000000e+00 0.000000000000000000e+00 4.531466804923476124e-04 1.285410307425574605e-01 2.894348028291482677e+01 0.000000000000000000e+00 0.000000000000000000e+00 0.000000000000000000e+00 0.000000000000000000e+00 0.000000000000000000e+00 0.000000000000000000e+00
4.513832659768972633e+01 0.000000000000000000e+00 0.000000000000000000e+00 0.000000000000000000e+00 0.000000000000000000e+00 2.078423199913211126e-04 9.855910827055724965e-02 3.347043545452404345e+01 0.000000000000000000e+00 0.000000000000000000e+00 0.000000000000000000e+00 0.000000000000000000e+00 0.000000000000000000e+00 0.000000000000000000e+00
4.930935173337897481e+01 0.000000000000000000e+00 0.000000000000000000e+00 0.000000000000000000e+00 0.000000000000000000e+00 6.857067933344010316e-05 7.320292170631964579e-02 3.829242971624882586e+01 0.000000000000000000e+00 0.000000000000000000e+00 0.000000000000000000e+00 0.000000000000000000e+00 0.000000000000000000e+00 0.000000000000000000e+00
5.386580211616726643e+01 0.000000000000000000e+00 0.000000000000000000e+00 0.000000000000000000e+00 0.000000000000000000e+00 6.657351897125990525e-06 5.229018685690598606e-02 4.334877860696957441e+01 0.000000000000000000e+00 0.000000000000000000e+00 0.000000000000000000e+00 0.000000000000000000e+00 0.000000000000000000e+00 0.000000000000000000e+00
5.884329312027764303e+01 0.000000000000000000e+00 0.000000000000000000e+00 0.000000000000000000e+00 0.000000000000000000e+00 3.941388647767999029e-08 3.560745412486543415e-02 4.858139598321560015e+01 0.000000000000000000e+00 0.000000000000000000e+00 0.000000000000000000e+00 0.000000000000000000e+00 0.000000000000000000e+00 0.000000000000000000e+00
6.428073117284316140e+01 0.000000000000000000e+00 0.000000000000000000e+00 0.000000000000000000e+00 0.000000000000000000e+00 0.000000000000000000e+00 2.320531034726664582e-02 5.394072615378254909e+01 0.000000000000000000e+00 0.000000000000000000e+00 0.000000000000000000e+00 0.000000000000000000e+00 0.000000000000000000e+00 0.000000000000000000e+00
7.022061786496823288e+01 0.000000000000000000e+00 0.000000000000000000e+00 0.000000000000000000e+00 0.000000000000000000e+00 0.000000000000000000e+00 1.446805550157901840e-02 5.941501384747514436e+01 0.000000000000000000e+00 0.000000000000000000e+00 0.000000000000000000e+00 0.000000000000000000e+00 0.000000000000000000e+00 0.000000000000000000e+00
7.670938216429435386e+01 0.000000000000000000e+00 0.000000000000000000e+00 0.000000000000000000e+00 0.000000000000000000e+00 0.000000000000000000e+00 8.622844988184960244e-03 6.505806337613806534e+01 0.000000000000000000e+00 0.000000000000000000e+00 0.000000000000000000e+00 0.000000000000000000e+00 0.000000000000000000e+00 0.000000000000000000e+00
8.379774332580096541e+01 0.000000000000000000e+00 0.000000000000000000e+00 0.000000000000000000e+00 0.000000000000000000e+00 0.000000000000000000e+00 4.973920996952077046e-03 7.115774766362382309e+01 0.000000000000000000e+00 0.000000000000000000e+00 0.000000000000000000e+00 0.000000000000000000e+00 0.000000000000000000e+00 0.000000000000000000e+00
9.154110733752401075e+01 0.000000000000000000e+00 0.000000000000000000e+00 0.000000000000000000e+00 0.000000000000000000e+00 0.000000000000000000e+00 2.778804528486839096e-03 7.847470749145715274e+01 0.000000000000000000e+00 0.000000000000000000e+00 0.000000000000000000e+00 0.000000000000000000e+00 0.000000000000000000e+00 0.000000000000000000e+00
1.000000000000000000e+02 0.000000000000000000e+00 0.000000000000000000e+00 0.000000000000000000e+00 0.000000000000000000e+00 0.000000000000000000e+00 1.491024588449245143e-03 8.851319947971214219e+01 0.000000000000000000e+00 0.000000000000000000e+00 0.000000000000000000e+00 0.000000000000000000e+00 0.000000000000000000e+00 0.000000000000000000e+00
