# E_gamma_TeV tau_xi_1e+14 tau_xi_1e+13 tau_xi_1e+12 tau_xi_1e+11 tau_xi_1e+10 tau_xi_1e+09 tau_xi_1e+08 tau_xi_1e+07 tau_xi_1e+06 tau_xi_1e+04 tau_xi_1e+02
2.999999999999999542e-02 7.669307324897177734e+11 1.002829670392779010e-02 7.402101117596441172e-05 6.979173843575935425e-05 6.975043249887415879e-05 6.974996069146172475e-05 6.974995659360603011e-05 6.974995656968434245e-05 6.974995656926035164e-05 6.974995656925598773e-05 6.974995656925598773e-05
3.324410585876282770e-02 1.039883801515709351e+12 3.167509671031481121e+05 1.788906185269340064e-04 1.664359334701916485e-04 1.663178066666961413e-04 1.663165845057766904e-04 1.663165724571723887e-04 1.663165723355271818e-04 1.663165723342851468e-04 1.663165723342725159e-04 1.663165723342725159e-04
3.683901914495432695e-02 1.398993158296513672e+12 4.176031314932044744e+08 3.715054782204300541e-04 3.390913361946709214e-04 3.387828903381860809e-04 3.387797891892435132e-04 3.387797583181934393e-04 3.387797580065922171e-04 3.387797580033833039e-04 3.387797580033509405e-04 3.387797580033509405e-04
4.082267507292841602e-02 1.869664529408814209e+12 1.812174827249869347e+09 6.956689057049499298e-04 6.177358318252622153e-04 6.170087133110108970e-04 6.170012232435688644e-04 6.170011497996814994e-04 6.170011490759832714e-04 6.170011490683535238e-04 6.170011490682765455e-04 6.170011490682765455e-04
4.523711105207705446e-02 2.484313127737995605e+12 4.154279042314278126e+09 1.214370389219425993e-03 1.036928752786393879e-03 1.035309217102400176e-03 1.035292776561011615e-03 1.035292612861668255e-03 1.035292611215740720e-03 1.035292611198820444e-03 1.035292611198648056e-03 1.035292611198648056e-03
5.012891028532866222e-02 3.284249889029617676e+12 7.526689263484653473e+09 2.020023932622675832e-03 1.633661999594804943e-03 1.630186361472818739e-03 1.630151391600730615e-03 1.630151043974290611e-03 1.630151040510599905e-03 1.630151040474397094e-03 1.630151040474030416e-03 1.630151040474030416e-03
5.554969333699640022e-02 4.322065894256187012e+12 1.213773686061907196e+10 3.256908026387727272e-03 2.442089469860790184e-03 2.435092221615357821e-03 2.435022150162319005e-03 2.435021449835786129e-03 2.435021442838703528e-03 2.435021442771494703e-03 2.435021442770754843e-03 2.435021442770754843e-03
6.155666285723068731e-02 5.664642035515470703e+12 1.833379805688851929e+10 5.185880646787851926e-03 3.493839701472334965e-03 3.480389393783801105e-03 3.480254224283442846e-03 3.480252840071914027e-03 3.480252847410579727e-03 3.480252847274416944e-03 3.480252847273104192e-03 3.480252847273104192e-03
6.821320721126504505e-02 7.396944001074833008e+12 2.661374170490980148e+10 8.363295038670033946e-03 4.819190826539171413e-03 4.793205257778826098e-03 4.792945412785938955e-03 4.792942863810578311e-03 4.792942840353824410e-03 4.792942840234812839e-03 4.792942840232064169e-03 4.792942840232064169e-03
7.558956938323402319e-02 9.626803529775332031e+12 3.765219044238111877e+10 1.434302622788166150e-02 6.450963388659998812e-03 6.402665094185129406e-03 6.402184566477288688e-03 6.402179762904663951e-03 6.402179714412739066e-03 6.402179713911107344e-03 6.402179713906015063e-03 6.402179713906015063e-03
8.376358821315099679e-02 1.249093822498841016e+13 5.233485181918928528e+10 2.955459423030950758e-02 8.434895291715821183e-03 8.345937801416349403e-03 8.345039755187995748e-03 8.345030918444807863e-03 8.345030827436601684e-03 8.345030826697035289e-03 8.345030826687669517e-03 8.345030826687669517e-03
9.282151978892702604e-02 1.616252611670362305e+13 7.180814685999760437e+10 9.763817697043779276e-02 1.085602056433715261e-02 1.069107382232958696e-02 1.068942664250900447e-02 1.068941038706277061e-02 1.068941021588763925e-02 1.068941021419127224e-02 1.068941021417400480e-02 1.068941021417400480e-02
1.028589476611446868e-01 2.086073080821638672e+13 9.754563517765954590e+10 1.212699796889003423e+00 1.386136078214608540e-02 1.355188588765895465e-02 1.354884364953479366e-02 1.354881319437913761e-02 1.354881289121021883e-02 1.354881288812145000e-02 1.354881288808927782e-02 1.354881288808927262e-02
1.139817914856013636e-01 2.686267341636607422e+13 1.314345577546801300e+11 2.457700574399745464e+07 1.769042459562172181e-02 1.709971248003372066e-02 1.709395043523297478e-02 1.709389133631587093e-02 1.709389080693554663e-02 1.709389080143913775e-02 1.709389080137798181e-02 1.709389080137799569e-02
1.263074247372921455e-01 3.451847215718325391e+13 1.758869455892006531e+11 1.440212865561816692e+08 2.270829035899376430e-02 2.156724504742954518e-02 2.155598729612845377e-02 2.155587672382051553e-02 2.155587558625334660e-02 2.155587557656708092e-02 2.155587557645060465e-02 2.155587557645058036e-02
1.399659132904753356e-01 4.427012560500942969e+13 2.339811266898236389e+11 3.578810044909918904e+08 2.946859785930192391e-02 2.724004650700792216e-02 2.721937589617737588e-02 2.721916660113914144e-02 2.721916445030578627e-02 2.721916442960393631e-02 2.721916442938367500e-02 2.721916442938366806e-02
1.551013879348994429e-01 5.667520993512597656e+13 3.096411429795454102e+11 6.719797667788690329e+08 3.882317257618402018e-02 3.444763454837980465e-02 3.440701220968534618e-02 3.440655005759665763e-02 3.440654602220681590e-02 3.440654598401488018e-02 3.440654598361910649e-02 3.440654598361907179e-02
1.718735653116279793e-01 7.243660882606367188e+13 4.078636446708060303e+11 1.104382304262480736e+09 5.217495893669512469e-02 4.354863821645695715e-02 4.347221753939561201e-02 4.347145467918949596e-02 4.347144704939569920e-02 4.347144697302000871e-02 4.347144697221624193e-02 4.347144697221616561e-02
1.904594333180916477e-01 9.243978440657787500e+13 5.350043604350478516e+11 1.686701804675397635e+09 7.210913467081103700e-02 5.492092784791891696e-02 5.477516131324521031e-02 5.477372637749378104e-02 5.477371193474790678e-02 5.477371179264491075e-02 5.477371179118602912e-02 5.477371179118585565e-02
2.110551187675540064e-01 1.177994984528789531e+14 6.991393821944211426e+11 2.465431380304930210e+09 1.039021607630154220e-01 6.899368703595000485e-02 6.875284226058464565e-02 6.875031117182239804e-02 6.875028982353648122e-02 6.875029018204643905e-02 6.875029018039592599e-02 6.875029018039577333e-02
2.338779570114110085e-01 1.499183355318748750e+14 9.105204244575219727e+11 3.504050497524326801e+09 1.599018083618108377e-01 8.615301585864790224e-02 8.566528267642502248e-02 8.566043535541605081e-02 8.566038653941855652e-02 8.566038611185533558e-02 8.566038610727766400e-02 8.566038610727702562e-02
2.591687853639511041e-01 1.905600051260939688e+14 1.182148085976912354e+12 4.886283496661151886e+09 2.742652357029815025e-01 1.069118672550415511e-01 1.060253216867523690e-01 1.060165736174578793e-01 1.060164862857864293e-01 1.060164854277450969e-01 1.060164854221588571e-01 1.060164854221568309e-01
2.871944845308725403e-01 2.419410914321690312e+14 1.530493266781729736e+12 6.720740422182170868e+09 5.710999739547807375e-01 1.317258656199730982e-01 1.301359533396269363e-01 1.301205592430743907e-01 1.301203993649315827e-01 1.301203979498836705e-01 1.301203979339786432e-01 1.301203979339772832e-01
3.182507948599050396e-01 3.068458832885826250e+14 1.976404463225099365e+12 9.147178509667562485e+09 1.751626441815796742e+00 1.611019927622556469e-01 1.582880760347513127e-01 1.582601577966082917e-01 1.582598790672169464e-01 1.582598762965377326e-01 1.582598762684341298e-01 1.582598762684312432e-01
3.526654371319368209e-01 3.887700155406305000e+14 2.546248282983188477e+12 1.234469620220241165e+10 1.213137698438071413e+06 1.956157638771502116e-01 1.906822917792075911e-01 1.906322341679223820e-01 1.906317622462919414e-01 1.906317574709111839e-01 1.906317574396449721e-01 1.906317574396406422e-01
3.908015708246992403e-01 4.921000907509178750e+14 3.273342299889666992e+12 1.654227850703447342e+10 1.115814405691040121e+07 2.360395587591027633e-01 2.274753574222192209e-01 2.273918836729338366e-01 2.273910488003140495e-01 2.273910404009987507e-01 2.273910403122149926e-01 2.273910403122062218e-01
4.330616263422369383e-01 6.223382518090347500e+14 4.199754313490745605e+12 2.203224530367919159e+10 3.055497536911379918e+07 2.834307628665440060e-01 2.686792920121626738e-01 2.685338194910947829e-01 2.685315473788902341e-01 2.685329634859514036e-01 2.685329633710775710e-01 2.685329633710625830e-01
4.798915516496440326e-01 7.863827931899041250e+14 5.378560634538899414e+12 2.918731533632249069e+10 5.974268943148915470e+07 3.393949979927212146e-01 3.142665870252189242e-01 3.140235117837778533e-01 3.140211363270764000e-01 3.140211129496278675e-01 3.140211127758140153e-01 3.140211127757886467e-01
5.317855181255572994e-01 9.928788316941221250e+14 6.876679277835555664e+12 3.848219528516835022e+10 1.002609119227363169e+08 4.063708194744324320e-01 3.637492604252991479e-01 3.633494290498528456e-01 3.633454482895916438e-01 3.633454101055125229e-01 3.633454095965353292e-01 3.633454095964930852e-01
5.892911352907692635e-01 1.252656186468646000e+15 8.778422501958918945e+12 5.052084540886928558e+10 1.549765259465330243e+08 4.885796263085626090e-01 4.167605799754091067e-01 4.161033655049187763e-01 4.160968754399103631e-01 4.160968105989376054e-01 4.160968099597952552e-01 4.160968099597275871e-01
6.530152294412288061e-01 1.579276222298483000e+15 1.118995000925231445e+13 6.607087325568709564e+10 2.282099657301757336e+08 5.934595365933532651e-01 4.725073738653814970e-01 4.714484947394124159e-01 4.714380404117273216e-01 4.714379365248498877e-01 4.714379354655847121e-01 4.714379354654761878e-01
7.236302471642841461e-01 1.989714382324976250e+15 1.424484822932518359e+13 8.610688020936534119e+10 3.259260481479885578e+08 7.353582607679349792e-01 5.300750025161503620e-01 5.284396548097370916e-01 5.284230383847581258e-01 5.284233676745635488e-01 5.284233660428977464e-01 5.284233660427259949e-01
8.018813513110725211e-01 2.505212104246239000e+15 1.811111794371178516e+13 1.118650520863399506e+11 4.560336741464194655e+08 9.442133384755939662e-01 5.886916434836789724e-01 5.860823543122057888e-01 5.860561927678480387e-01 5.860559339339174167e-01 5.860559311297622864e-01 5.860559311294943896e-01
8.885942843051027884e-01 3.152339555727773000e+15 2.299992330337426172e+13 1.449118654062739258e+11 6.288189228680828810e+08 1.295890435849216260e+00 6.474419315445993917e-01 6.433834188708653645e-01 6.433433829605450516e-01 6.433429790517487534e-01 6.433429749099828232e-01 6.433429749095709305e-01
9.846840817643484067e-01 3.964321332048543000e+15 2.917653948670351172e+13 1.872305096587330933e+11 8.575345658137408495e+08 2.300344229901401416e+00 7.055776538654464636e-01 6.993516170005130705e-01 6.992895665054783549e-01 6.992889459090569915e-01 6.992889396709399685e-01 6.992889396703131366e-01
1.091164728387089111e+00 4.982689511314099000e+15 3.697405055319078125e+13 2.413295330941189880e+11 1.159175351386064291e+09 4.924635184208505962e+04 7.624852463518195789e-01 7.530081359482546643e-01 7.529103348624419656e-01 7.529093943903529818e-01 7.529093849152180828e-01 7.529093849142788342e-01
1.209159857994953624e+00 6.259344996511025000e+15 4.681047951949606250e+13 3.103793533546169434e+11 1.555478477828689814e+09 8.488111288692634553e+05 8.178696304962430608e-01 8.035433502990351196e-01 8.034046296235912710e-01 8.034032182938981581e-01 8.034032041669666446e-01 8.034032041655654321e-01
1.339914610645029036e+00 7.859126070835806000e+15 5.921020500468346875e+13 3.983836964623885498e+11 2.074201391760065794e+09 2.598294264607358258e+06 8.718666955226299642e-01 8.503745161170627176e-01 8.501668445350281100e-01 8.501647322143620622e-01 8.501647107427758865e-01 8.501647107407178661e-01
1.484808771932877747e+00 9.863010293170114000e+15 7.483072721122823438e+13 5.103947921667905884e+11 2.750744498461143970e+09 5.305654031808623113e+06 9.254717704987150961e-01 8.931029291651489954e-01 8.927885162352647841e-01 8.927853617703620515e-01 8.927853300563159955e-01 8.927853300425543370e-01
1.645371333138542003e+00 1.237210313124090400e+16 9.449611258994848438e+13 6.527833756382380371e+11 3.630205210412624359e+09 9.100294397646710277e+06 9.811066187428377772e-01 9.319688428773844624e-01 9.314858676554803596e-01 9.314811694593840841e-01 9.314811275077110597e-01 9.314811275021488424e-01
1.823296625861047238e+00 1.551260658993853000e+16 1.192387658346983281e+14 8.335772882257133789e+11 4.769972897503218651e+09 1.424081730602667481e+07 1.044024019203313003e+00 9.677131795330821129e-01 9.670057700646698118e-01 9.669986613008146881e-01 9.669985892856807208e-01 9.669985892822303697e-01
2.020462201401659108e+00 1.944200755281468400e+16 1.503515948803898438e+14 1.062885924143582764e+12 6.243002970257799149e+09 2.112763152183103561e+07 1.124746694990506723e+00 1.001672217275989096e+00 1.000572507312762482e+00 1.000561451883572150e+00 1.000561341713474661e+00 1.000561341701845741e+00
2.238948643567525210e+00 2.435678235079288000e+16 1.894531265853557812e+14 1.353432128310602783e+12 8.141943929150224686e+09 3.032044229877596721e+07 1.245380281366461839e+00 1.035559466320940425e+00 1.033850851490538236e+00 1.033833201338954177e+00 1.033833038249723391e+00 1.033833038227202961e+00
2.481061523969742222e+00 3.050198958870340800e+16 2.385687777228871875e+14 1.721218313662292480e+12 1.058433570105695534e+10 4.256582337150005251e+07 1.459499288882789791e+00 1.071512857857501722e+00 1.068727514073354534e+00 1.068701308678701611e+00 1.068701029500033428e+00 1.068701029460663365e+00
2.749355731498453359e+00 3.818321056343837600e+16 3.002322606627785000e+14 2.186360608180281982e+12 1.371915302724554634e+10 5.883758788153761625e+07 1.921369758182835286e+00 1.110936963244484321e+00 1.106573812946345603e+00 1.106531080936829836e+00 1.106530644358858284e+00 1.106530644324129842e+00
3.046662432711031876e+00 4.778140611946022400e+16 3.776120673253926250e+14 2.774132770382028809e+12 1.773503704929465103e+10 8.039223386774216592e+07 3.665089618775780433e+00 1.156535114035741829e+00 1.149461665898532159e+00 1.149391045931991817e+00 1.149390350890264090e+00 1.149390350786557935e+00
3.376118947632046119e+00 5.977140411457440000e+16 4.746692190050682500e+14 3.516272242568956055e+12 2.287064477901441574e+10 1.088422487834920585e+08 2.145374872408525334e+03 1.209929017320185318e+00 1.198355085132966735e+00 1.198240443978318526e+00 1.198239286474415355e+00 1.198239286375503143e+00
3.741201856228492773e+00 7.474490824966313600e+16 5.963539392632231250e+14 4.452613844528291992e+12 2.942765458392852402e+10 1.462509888133053780e+08 6.676497654469100235e+04 1.272566983443002675e+00 1.253628294268635868e+00 1.253443170421552288e+00 1.253441299948546472e+00 1.253441299750921223e+00
4.145763684915336533e+00 9.343910462600660800e+16 7.488508088103953750e+14 5.633132265377235352e+12 3.778710072348491669e+10 1.952540598798440993e+08 2.252102607663382369e+05 1.346341680079694791e+00 1.315460321076916683e+00 1.315158168238963254e+00 1.315155144019203970e+00 1.315155143597556586e+00
4.594073560224669173e+00 1.167721688273638880e+17 9.398843198905013750e+14 7.120494746815460938e+12 4.842987938488037872e+10 2.592136080884585679e+08 4.767323241527306382e+05 1.434826711926511900e+00 1.384015632401883744e+00 1.383527400577123201e+00 1.383522530391348759e+00 1.383522529960786951e+00
5.090862258635080906e+00 1.458877394045977280e+17 1.179099529219196000e+15 8.993251344845759766e+12 6.196247916463662720e+10 3.424137305605382323e+08 8.323784068824346177e+05 1.545371236059275732e+00 1.460475461206608871e+00 1.459689472216568751e+00 1.459681315003649393e+00 1.459681314146068276e+00
5.641372127948172555e+00 1.822096022289460480e+17 1.478536305901116750e+15 1.134981915979878320e+13 7.914925270324728394e+10 4.503074301013410687e+08 1.315532824527700664e+06 1.692472717103410629e+00 1.546937361916576270e+00 1.545626667026590351e+00 1.545613329307971906e+00 1.545613327953315075e+00
6.251412407006109895e+00 2.275102774796059520e+17 1.853219926550951250e+15 1.431345889780013086e+13 1.009528745661066437e+11 5.898282746676981449e+08 1.963293194991549011e+06 1.906004413932625541e+00 1.646554425160309476e+00 1.644334101760276612e+00 1.644326593939680281e+00 1.644326591860257203e+00
6.927420527509812409e+00 2.839961472156730560e+17 2.321896616321183500e+15 1.803848652388730078e+13 1.285850397661233673e+11 7.697833245205868483e+08 2.828144338637633249e+06 2.258100536881261888e+00 1.763624242062720615e+00 1.759896779682281087e+00 1.759858834238278602e+00 1.759858830636092941e+00
7.676530044823433485e+00 3.544115357714178560e+17 2.907949176510850500e+15 2.271802733124859375e+13 1.635699740369801331e+11 1.001348122657902360e+09 3.980526090166319162e+06 2.978185059642479260e+00 1.904692083083397991e+00 1.898192891844549868e+00 1.898127573763850329e+00 1.898127567070422295e+00
8.506645914602792402e+00 4.421753568414121600e+17 3.640536344428744500e+15 2.859369022931134375e+13 2.078239544223365784e+11 1.298689854623786926e+09 5.512605778896465898e+06 5.208327329781902826e+00 2.079563754579353052e+00 2.067993084406792192e+00 2.067870895949287746e+00 2.067870884689626987e+00
9.426527909602249622e+00 5.515346432679855360e+17 4.556012162559919000e+15 3.596763702736893750e+13 2.637548451322442017e+11 1.679751366689310789e+09 7.543495143798658624e+06 1.979484874845672948e+01 2.303676592036409509e+00 2.282432023948432587e+00 2.282235820586465458e+00 2.282235819489603301e+00
1.044588305691332231e+01 6.877752229106467840e+17 5.699690049499429000e+15 4.521763431392914844e+13 3.343866447644920044e+11 2.167237037557625771e+09 1.022617878491832875e+07 4.502028306739655932e+02 2.602929969237926855e+00 2.562589996934811598e+00 2.562189590364668756e+00 2.562189550343974442e+00
1.157546807107612530e+01 8.574770703542094080e+17 7.128038820286843000e+15 5.681582078883279688e+13 4.235152647400510254e+11 2.789851767079112530e+09 1.375650925774336420e+07 6.683211842182487089e+03 3.018746459367219970e+00 2.939390708865989410e+00 2.938594585195404285e+00 2.938594507069853812e+00
1.282720286398612508e+01 1.068816867201566848e+18 8.911413906703127000e+15 7.135210396865500000e+13 5.359033250920797119e+11 3.583857307182738304e+09 1.838473409011558816e+07 2.163345852227681098e+04 3.616940027610639596e+00 3.456545945320808499e+00 3.454986725543931492e+00 3.454986572968909542e+00
1.421429632940602517e+01 1.331967402239482880e+18 1.113745604732840400e+16 8.956331498114043750e+13 6.775236171160432129e+11 4.595026229978584290e+09 2.443016379151512682e+07 4.533959018289883534e+04 4.501504252069820744e+00 4.171296864833253792e+00 4.168174393229544528e+00 4.168174084152420633e+00
1.575138572941993864e+01 1.659625171721543680e+18 1.391530328060994800e+16 1.123695448720056875e+14 8.558633876882388916e+11 5.881093954629426003e+09 3.229976014624356478e+07 7.886351673935707367e+04 5.843960360174614621e+00 5.155471211836730738e+00 5.149188890474747815e+00 5.149188263523718057e+00
1.745469115370143243e+01 2.067308001660494336e+18 1.738088556073530400e+16 1.409194016620164062e+14 1.080304399875177490e+12 7.514834435034388542e+09 4.251163673420251906e+07 1.243859866525781836e+05 7.946163500593826257e+00 6.496020113030971821e+00 6.483396524105586423e+00 6.483395264360447108e+00
1.934218668152204401e+01 2.574975430671673344e+18 2.170336378246978400e+16 1.766463801863920312e+14 1.362597593717474365e+12 9.587916369765451431e+09 5.572472430881465226e+07 1.853753526933266548e+05 1.139365714386954131e+01 8.294944251097133403e+00 8.269950085283426233e+00 8.269947593671018282e+00
2.143379005268239013e+01 3.206660668774961152e+18 2.709337335090584400e+16 2.213390758276559375e+14 1.717455794565469482e+12 1.221573600317992973e+10 7.277617890567100048e+07 2.667655204858666984e+05 1.745747639767924753e+01 1.066999618484011592e+01 1.062092316854470475e+01 1.062091802000258056e+01
2.375157284886238784e+01 3.992888206417793536e+18 3.381302288453996000e+16 2.772285688409095938e+14 2.163293317357872314e+12 1.554347146042468452e+10 9.472851457757228613e+07 3.752059264162064646e+05 2.930152412536485684e+01 1.375491679493486430e+01 1.365917729660350588e+01 1.365916751721118771e+01
2.631999340332326653e+01 4.971200194314536960e+18 4.218842285183922400e+16 3.470972381032589375e+14 2.723149140812295898e+12 1.975366430604945374e+10 1.229289473076369017e+08 5.194208894936344586e+05 5.629965127214077114e+01 1.768886434745065017e+01 1.750988789845108684e+01 1.750987002200241349e+01
2.916615489673395345e+01 6.189885065230407680e+18 5.262538682951572000e+16 4.344141218735650000e+14 3.425838331066356934e+12 2.507570983741907883e+10 1.590840686129500866e+08 7.107017071200275095e+05 1.330415512824177142e+02 2.263323456733687067e+01 2.229738924041940962e+01 2.229735594254551501e+01
3.232009136266993465e+01 7.706235848583051264e+18 6.562813012387410400e+16 5.435034893940069375e+14 4.307388341884210449e+12 3.179773306759167480e+10 2.053537538200237751e+08 9.635635355463643791e+05 4.163701126060743150e+02 2.874470544808027128e+01 2.812481756202495831e+01 2.812475635597571255e+01
3.581508462084953948e+01 9.599296280782835712e+18 8.182524536997808000e+16 6.797543904550928750e+14 5.412829954939173828e+12 4.028144392890396118e+10 2.644691956698718369e+08 1.296597398487896891e+06 1.295033696123450227e+03 3.620969932834896099e+01 3.509123148105772572e+01 3.509112231593444875e+01
3.968801548253567546e+01 1.196007519138881331e+19 1.019974027481999840e+17 8.498814846441800000e+14 6.798429630393799805e+12 5.098071335229595184e+10 3.398811841645183563e+08 1.733564915019287262e+06 2.874304657781974583e+03 4.521136540811713900e+01 4.322229113796321798e+01 4.322209717025416609e+01
4.397975293418783593e+01 1.490994099338638541e+19 1.271149461039519840e+17 1.062249171370403875e+15 8.534472378731939453e+12 6.446479549031041718e+10 4.359462922669447660e+08 2.304792501215468161e+06 5.207825527955970756e+03 5.599345728176921710e+01 5.251861620236418560e+01 5.251828210300146793e+01
4.873558540621255020e+01 1.860813187912441037e+19 1.583849113997508480e+17 1.327275859227790500e+15 1.070872896206919531e+13 8.144734688480426025e+10 5.581605413972907066e+08 3.048939274773240555e+06 8.424273538159601230e+03 6.888262425885226037e+01 6.288463316971103012e+01 6.288406430622273291e+01
5.400569867776354016e+01 2.326804976517504205e+19 1.973162228409993920e+17 1.657932380372507750e+15 1.343077559797726562e+13 1.028226809050411987e+11 7.134525263782863617e+08 4.015233213681091089e+06 1.274482818345451597e+04 8.434400823499102273e+01 7.421798317735093065e+01 7.421662372522700934e+01
5.984570546066733954e+01 2.918479338875060224e+19 2.457645861533637120e+17 2.070372034016419500e+15 1.683737480622004688e+13 1.297110488040948181e+11 9.105509620264170170e+08 5.266294679820058867e+06 1.850363355953808059e+04 1.032235114442735551e+02 8.620690401495838273e+01 8.620536210826516310e+01
6.631723225089223206e+01 3.672123685084426650e+19 3.060630990496808960e+17 2.584693765993774000e+15 2.109917559385532031e+13 1.635151723803533325e+11 1.160445353960545778e+09 6.881697664614921436e+06 2.616934683619324642e+04 1.269242986809676950e+02 9.867107483844559113e+01 9.866862760258200638e+01
7.348856964029403116e+01 4.654649181757104947e+19 3.811254542860613760e+17 3.225923459278668500e+15 2.642905534832119922e+13 2.059908173660671082e+11 1.476963150465225935e+09 8.962457577560920268e+06 3.637172919758917851e+04 1.579113496841921176e+02 1.112542812986872462e+02 1.112504131896966015e+02
8.143539295103335007e+01 6.049924957236481229e+19 4.745395356575580800e+17 4.025190955004150000e+15 3.309250787351982422e+13 2.593348618651791992e+11 1.877492539548559666e+09 1.163668250048188120e+07 4.993741912041813339e+04 2.007021486698260446e+02 1.236544799689798992e+02 1.236483488605333321e+02
9.024156079713677059e+01 7.422951495269451366e+19 5.908169367893422080e+17 5.021234192227417000e+15 4.142056475423245312e+13 3.262951553998833008e+11 2.383887320955826759e+09 1.506668522874277085e+07 6.793730446554452647e+04 2.634896982366377074e+02 1.355055302887550681e+02 1.354966336972443059e+02
1.000000000000000000e+02 9.980136026761627238e+19 7.356223080976712960e+17 6.262221750047299000e+15 5.182588363343385938e+13 4.103075822487520752e+11 3.023599267984169006e+09 1.945792827437438071e+07 9.174889780006498040e+04 3.589845834942512397e+02 1.465318627426268847e+02 1.465188104215220903e+02
