# E_gamma_TeV tau_xi_100000000.0 tau_xi_10000000.0 tau_xi_1000000.0 tau_xi_100000.0 tau_xi_10000.0 tau_xi_1000.0 tau_xi_100.0 tau_xi_10.0 tau_xi_1.0 tau_xi_0.1 tau_xi_0.01
2.999999999999999542e-02 4.980132759181541934e-06 5.620358757996455961e-05 6.828143052408845823e-05 6.960203445655375543e-05 6.973567997437275638e-05 6.974848833547654529e-05 6.974986572016741396e-05 6.974994174657057737e-05 6.974995509194205682e-05 6.974995642586366389e-05 6.974995655374746498e-05
3.324410585876282770e-02 9.560866866907203728e-06 1.315221909285993658e-04 1.625113438856844715e-04 1.659327736390464711e-04 1.662783671363188601e-04 1.663127312606280355e-04 1.663161881112024620e-04 1.663165339902063396e-04 1.663165685470706270e-04 1.663165719501396320e-04 1.663165722953795819e-04
3.683901914495432695e-02 1.324230470442926143e-05 2.604503555835552915e-04 3.301249677722674879e-04 3.378952254194440732e-04 3.386888528868659161e-04 3.387708570716272760e-04 3.387788836124751551e-04 3.387796707577328211e-04 3.387797492167618626e-04 3.387797571292238893e-04 3.387797579163020828e-04
4.082267507292841602e-02 1.368240963800131215e-05 4.559850199808157816e-04 5.988778546331794848e-04 6.151782525027995642e-04 6.168180240463713281e-04 6.169823653339464404e-04 6.169993119932655522e-04 6.170009657629432851e-04 6.170011307928370070e-04 6.170011472184985107e-04 6.170011488824720487e-04
4.523711105207705446e-02 1.018789750950918419e-05 7.254329234672307744e-04 9.995467115211506201e-04 1.031651304887272079e-03 1.034889226126141674e-03 1.035256679001716421e-03 1.035288990275488440e-03 1.035292254758755914e-03 1.035292575153702165e-03 1.035292607576268750e-03 1.035292610831947029e-03
5.012891028532866222e-02 4.764919608800491751e-06 1.066793514052179204e-03 1.563286457259909076e-03 1.623316653867414288e-03 1.629489368539302832e-03 1.630083007151781607e-03 1.630144216214868096e-03 1.630150359241612935e-03 1.630150972384985164e-03 1.630151033738414445e-03 1.630151039795798206e-03
5.554969333699640022e-02 8.897925158750045095e-07 1.463652016673871884e-03 2.316071542804949701e-03 2.422956336117860522e-03 2.433805203035430305e-03 2.434905627556820974e-03 2.435009219704316503e-03 2.435020220612205133e-03 2.435021320570559134e-03 2.435021430855435851e-03 2.435021441578217021e-03
6.155666285723068731e-02 5.980854013949114469e-09 1.881607686952216016e-03 3.275000301168934109e-03 3.459140929949307535e-03 3.478058235329991189e-03 3.480045000550752773e-03 3.480232370306596788e-03 3.480250609513347616e-03 3.480252739738523126e-03 3.480252848385635266e-03 3.480252852032906120e-03
6.821320721126504505e-02 0.000000000000000000e+00 2.270262745430463337e-03 4.450713672239278371e-03 4.757616179318524541e-03 4.789374933793741004e-03 4.792584901606480353e-03 4.792907110826317638e-03 4.792939288068262353e-03 4.792942493093746079e-03 4.792942805673748759e-03 4.792942836596547802e-03
7.558956938323402319e-02 0.000000000000000000e+00 2.568228914195524060e-03 5.843280966374110250e-03 6.343815590302616728e-03 6.396295224074038596e-03 6.401593727346591503e-03 6.402121100250519024e-03 6.402173848089991182e-03 6.402179123900600746e-03 6.402179654904958418e-03 6.402179707754876437e-03
8.376358821315099679e-02 0.000000000000000000e+00 2.715159402351300256e-03 7.444370948771734421e-03 8.249615545586404253e-03 8.335396028018407164e-03 8.344069896615853577e-03 8.344934734587078698e-03 8.345021214050882263e-03 8.345029869873080153e-03 8.345030730070953154e-03 8.345030816410654168e-03
9.282151978892702604e-02 0.000000000000000000e+00 2.667940989461414000e-03 9.238100021680368396e-03 1.053210149284829027e-02 1.067353861512997104e-02 1.068781939798750177e-02 1.068925131906598401e-02 1.068939423006685409e-02 1.068940860654991713e-02 1.068941005888578155e-02 1.068941019409083183e-02
1.028589476611446868e-01 0.000000000000000000e+00 2.413935470429446565e-03 1.120360665864804893e-02 1.328574519551569376e-02 1.352229490427070240e-02 1.354625124793187863e-02 1.354854608445063557e-02 1.354878620198622131e-02 1.354881021359855171e-02 1.354881261956211204e-02 1.354881286110232522e-02
1.139817914856013636e-01 0.000000000000000000e+00 1.986616561427451046e-03 1.328825135805608050e-02 1.664658621613736289e-02 1.704824810679087324e-02 1.708929702253077915e-02 1.709343051848040765e-02 1.709384557249508246e-02 1.709388612395493917e-02 1.709389035032029061e-02 1.709389076701788718e-02
1.263074247372921455e-01 0.000000000000000000e+00 1.459691073700101951e-03 1.539656969184591100e-02 2.078811591511115983e-02 2.147729578208032453e-02 2.154799330199352880e-02 2.155508368362882635e-02 2.155579617980193582e-02 2.155586758800952241e-02 2.155587475694761140e-02 2.155587550156912516e-02
1.399659132904753356e-01 0.000000000000000000e+00 9.333466557358323238e-04 1.736852836831132008e-02 2.589770542755675392e-02 2.708261916673103051e-02 2.720543531811989504e-02 2.721781041477724233e-02 2.721902892851116307e-02 2.721915091216170132e-02 2.721916308858367967e-02 2.721916430112388680e-02
1.551013879348994429e-01 0.000000000000000000e+00 4.965379924817218266e-04 1.897513583518327038e-02 3.215921877948482721e-02 3.415968420238133657e-02 3.438249956098154286e-02 3.440418417199487405e-02 3.440631028846748846e-02 3.440652242446217562e-02 3.440654362652589143e-02 3.440654574295994028e-02
1.718735653116279793e-01 0.000000000000000000e+00 2.006606598275018744e-04 1.995367725349412452e-02 3.968596601263284229e-02 4.307093087125694886e-02 4.343115802040017903e-02 4.346743045165131492e-02 4.347104385563889395e-02 4.347140657916256229e-02 4.347144291125474430e-02 4.347144657788439004e-02
1.904594333180916477e-01 0.000000000000000000e+00 5.111209279798608674e-05 2.006631333191809252e-02 4.851179051340622633e-02 5.410117635569733352e-02 5.470814436984658413e-02 5.476687704700898551e-02 5.477302771594699110e-02 5.477364333679953651e-02 5.477370498019365486e-02 5.477371107492085001e-02
2.110551187675540064e-01 0.000000000000000000e+00 4.329763143556283230e-06 1.919677633757132379e-02 5.852199758089435960e-02 6.758970469247888024e-02 6.862563413195624240e-02 6.873682575924149052e-02 6.874925746372767543e-02 6.875018389453450840e-02 6.875027994969089284e-02 6.875028962610489625e-02
2.338779570114110085e-01 0.000000000000000000e+00 9.724667842695377928e-11 1.741167153464268785e-02 6.941841034113654940e-02 8.382483707305635190e-02 8.547390386555404895e-02 8.564184896800942914e-02 8.565853314005528185e-02 8.566020089134719628e-02 8.566036792036710312e-02 8.566038424730915146e-02
2.591687853639511041e-01 0.000000000000000000e+00 0.000000000000000000e+00 1.495825211183241313e-02 8.065020984706464113e-02 1.030534463083973840e-01 1.057177896556289465e-01 1.059867874736656196e-01 1.060134896915321950e-01 1.060161854684836258e-01 1.060164552261299853e-01 1.060164824478492251e-01
2.871944845308725403e-01 0.000000000000000000e+00 0.000000000000000000e+00 1.217720210868125652e-02 9.140956969773461616e-02 1.254046543704150640e-01 1.296434450697952490e-01 1.300767475918876426e-01 1.301157193895838560e-01 1.301199047291541622e-01 1.301203498728750463e-01 1.301203929008025173e-01
3.182507948599050396e-01 0.000000000000000000e+00 0.000000000000000000e+00 9.382982681912257344e-03 1.006355888023615919e-01 1.508664841413871749e-01 1.574997611418187116e-01 1.581839784823686479e-01 1.582523794070234413e-01 1.582591124110956926e-01 1.582598000301544405e-01 1.582598686599181459e-01
3.526654371319368209e-01 0.000000000000000000e+00 0.000000000000000000e+00 6.787788667647842722e-03 1.071396403732921970e-01 1.792172845159917816e-01 1.894517269029625250e-01 1.905157916056953726e-01 1.906202421612131770e-01 1.906306191565598218e-01 1.906316435206341364e-01 1.906317453354336999e-01
3.908015708246992403e-01 0.000000000000000000e+00 0.000000000000000000e+00 4.525680277509101443e-03 1.097528368806718196e-01 2.100286072088349276e-01 2.255761759341219919e-01 2.272094330335047707e-01 2.273726095334937802e-01 2.273892677984566402e-01 2.273908575586042757e-01 2.273910219329218219e-01
4.330616263422369383e-01 0.000000000000000000e+00 0.000000000000000000e+00 2.708073815972904339e-03 1.076477389636845972e-01 2.425634898348471014e-01 2.657865097549352296e-01 2.682554992831150398e-01 2.685045511897797277e-01 2.685303495908377691e-01 2.685326871173805419e-01 2.685315048215373146e-01
4.798915516496440326e-01 0.000000000000000000e+00 0.000000000000000000e+00 1.402892282405071534e-03 1.005849353744531494e-01 2.756970202304593887e-01 3.099024090775635010e-01 3.136253201956644143e-01 3.139800651125044806e-01 3.140170096042959047e-01 3.140207035363045684e-01 3.140210717090056169e-01
5.317855181255572994e-01 0.000000000000000000e+00 0.000000000000000000e+00 5.993109242658739393e-04 8.914025357459270937e-02 3.080355071555126445e-01 3.573138239020188789e-01 3.627403299616385191e-01 3.632841088458672596e-01 3.633392634984885516e-01 3.633447895219376056e-01 3.633453495080818940e-01
5.892911352907692635e-01 0.000000000000000000e+00 0.000000000000000000e+00 1.874639339202822995e-04 7.460811512360597531e-02 3.379188678695169701e-01 4.073574765935461528e-01 4.152210858281796257e-01 4.160083752748854891e-01 4.160879513575027611e-01 4.160959241781318485e-01 4.160967215700074884e-01
6.530152294412288061e-01 0.000000000000000000e+00 0.000000000000000000e+00 3.231686597136237428e-05 5.882999225196602205e-02 3.628362381627392996e-01 4.590083630941631521e-01 4.701778341174734366e-01 4.713110152174172507e-01 4.714253037207811192e-01 4.714366722116999364e-01 4.714378092017928457e-01
7.236302471642841461e-01 0.000000000000000000e+00 0.000000000000000000e+00 7.621568282476447710e-07 4.367300936277436485e-02 3.809170528819295631e-01 5.110277392688221676e-01 5.266484398674947665e-01 5.282412478870752714e-01 5.284056270016381784e-01 5.284215920732174832e-01 5.284231889469030996e-01
8.018813513110725211e-01 0.000000000000000000e+00 0.000000000000000000e+00 0.000000000000000000e+00 3.062745337075023500e-02 3.899665997897945879e-01 5.620961127937866841e-01 5.836112983354333483e-01 5.858112587038974972e-01 5.860318836782067997e-01 5.860534587304652154e-01 5.860556816996728147e-01
8.885942843051027884e-01 0.000000000000000000e+00 0.000000000000000000e+00 0.000000000000000000e+00 2.052051328918656770e-02 3.882006311858512415e-01 6.107912514633204726e-01 6.400065035813877756e-01 6.430079278485323346e-01 6.433068132684507390e-01 6.433396233030510558e-01 6.433426415890490802e-01
9.846840817643484067e-01 0.000000000000000000e+00 0.000000000000000000e+00 0.000000000000000000e+00 1.337195083229688643e-02 3.745554621498745629e-01 6.556753458600870221e-01 6.947892784570761648e-01 6.988359538290491724e-01 6.992438205240699700e-01 6.992844159693190065e-01 6.992884874118678873e-01
1.091164728387089111e+00 0.000000000000000000e+00 0.000000000000000000e+00 0.000000000000000000e+00 8.583006549913769698e-03 3.490830378692408864e-01 6.952513026394918638e-01 7.469283426800680248e-01 7.523090682153391606e-01 7.528490032776906649e-01 7.529033823907028689e-01 7.529087845949729019e-01
1.209159857994953624e+00 0.000000000000000000e+00 0.000000000000000000e+00 0.000000000000000000e+00 5.356522093049918311e-03 3.127574230556438017e-01 7.281145018069197228e-01 7.955167085600590715e-01 8.026099215748074833e-01 8.033197560739255838e-01 8.033919267651673524e-01 8.034023924341073819e-01
1.339914610645029036e+00 0.000000000000000000e+00 0.000000000000000000e+00 0.000000000000000000e+00 3.113181851433508788e-03 2.684820473945975228e-01 7.528591659100112299e-01 8.398225217151784605e-01 8.491256657951088416e-01 8.500603843404840321e-01 8.501543451687584296e-01 8.501636736650123316e-01
1.484808771932877747e+00 0.000000000000000000e+00 0.000000000000000000e+00 0.000000000000000000e+00 1.606996556949092606e-03 2.199225938866418706e-01 7.682749370616713813e-01 8.793342020805767767e-01 8.914274791668400644e-01 8.926287039214430008e-01 8.927717348850829904e-01 8.927839715738042914e-01
1.645371333138542003e+00 0.000000000000000000e+00 0.000000000000000000e+00 0.000000000000000000e+00 7.004590036613169736e-04 1.712832307173359769e-01 7.731803806598610551e-01 9.138413945334775690e-01 9.296962363766873017e-01 9.313127130144411847e-01 9.314654870417246046e-01 9.314793438765264222e-01
1.823296625861047238e+00 0.000000000000000000e+00 0.000000000000000000e+00 0.000000000000000000e+00 2.400662552107406852e-04 1.264451224727810574e-01 7.666495213467140468e-01 9.434788578503298107e-01 9.643923503905638128e-01 9.667575022560931375e-01 9.669746283426381428e-01 9.669961196043729279e-01
2.020462201401659108e+00 0.000000000000000000e+00 0.000000000000000000e+00 0.000000000000000000e+00 5.207664274797614763e-05 8.822933739115466911e-02 7.479590635884509897e-01 9.684572271345531780e-01 9.972166682650752678e-01 1.000227161501932693e+00 1.000528097629585833e+00 1.000557996940379724e+00
2.238948643567525210e+00 0.000000000000000000e+00 0.000000000000000000e+00 0.000000000000000000e+00 3.673111620659311646e-06 5.817833434614228666e-02 7.167376682372518237e-01 9.891149289077654227e-01 1.029064344724873736e+00 1.033356177690758049e+00 1.033779368283270106e+00 1.033828287012851899e+00
2.481061523969742222e+00 0.000000000000000000e+00 0.000000000000000000e+00 0.000000000000000000e+00 0.000000000000000000e+00 3.630912018467099406e-02 6.730614230314397872e-01 1.005279914751731285e+00 1.061610836055118634e+00 1.067998989736252513e+00 1.068633014341463294e+00 1.068694620768808168e+00
2.749355731498453359e+00 0.000000000000000000e+00 0.000000000000000000e+00 0.000000000000000000e+00 0.000000000000000000e+00 2.156391880668310709e-02 6.175630601702754019e-01 1.016185070637562582e+00 1.096121255067069145e+00 1.105473973758372086e+00 1.106428013116872222e+00 1.106520063106064766e+00
3.046662432711031876e+00 0.000000000000000000e+00 0.000000000000000000e+00 0.000000000000000000e+00 0.000000000000000000e+00 1.243868994591125141e-02 5.516529447746191250e-01 1.020675784380408180e+00 1.133773901480015445e+00 1.147788982457937257e+00 1.149223726490409714e+00 1.149383958896741165e+00
3.376118947632046119e+00 0.000000000000000000e+00 0.000000000000000000e+00 0.000000000000000000e+00 0.000000000000000000e+00 7.189504581636305298e-03 4.776799241538137730e-01 1.016450261357552343e+00 1.174915679865392804e+00 1.195837289864342123e+00 1.197996044044945307e+00 1.198214567785321760e+00
3.741201856228492773e+00 0.000000000000000000e+00 0.000000000000000000e+00 0.000000000000000000e+00 0.000000000000000000e+00 4.212297048582573124e-03 3.988944058072712573e-01 1.001917490334496064e+00 1.219026040969457991e+00 1.249888350802889514e+00 1.253082950980724863e+00 1.253405685991517027e+00
4.145763684915336533e+00 0.000000000000000000e+00 0.000000000000000000e+00 0.000000000000000000e+00 0.000000000000000000e+00 2.402505818991749077e-03 3.194253181995043156e-01 9.750397222564305411e-01 1.264940617716316495e+00 1.309912602765599399e+00 1.314629123017327705e+00 1.315101685096725648e+00
4.594073560224669173e+00 0.000000000000000000e+00 0.000000000000000000e+00 0.000000000000000000e+00 0.000000000000000000e+00 1.249027229437193630e-03 2.440616121912451697e-01 9.353802817800870306e-01 1.310772499965701332e+00 1.375763673585696401e+00 1.382730640838482739e+00 1.383446019813943328e+00
5.090862258635080906e+00 0.000000000000000000e+00 0.000000000000000000e+00 0.000000000000000000e+00 0.000000000000000000e+00 5.582316674568120040e-04 1.775560607701179572e-01 8.834384510257538015e-01 1.354417227750240205e+00 1.448198716799850461e+00 1.458535452054817938e+00 1.459554615861899718e+00
5.641372127948172555e+00 0.000000000000000000e+00 0.000000000000000000e+00 0.000000000000000000e+00 0.000000000000000000e+00 2.025687931255112332e-04 1.228536709764266460e-01 8.218640757407918995e-01 1.393211087326204467e+00 1.528348807689011046e+00 1.543849499359678301e+00 1.545437638425971372e+00
6.251412407006109895e+00 0.000000000000000000e+00 0.000000000000000000e+00 0.000000000000000000e+00 0.000000000000000000e+00 5.085244268392521608e-05 8.073113928968071729e-02 7.541487522975194313e-01 1.423757205797948178e+00 1.618037069019942376e+00 1.641610202448015032e+00 1.644031545450966858e+00
6.927420527509812409e+00 0.000000000000000000e+00 0.000000000000000000e+00 0.000000000000000000e+00 0.000000000000000000e+00 5.755134407797892486e-06 5.024145005472194919e-02 6.838007261628309408e-01 1.441616615015020919e+00 1.719213581671269919e+00 1.755691121215161132e+00 1.759410122018689959e+00
7.676530044823433485e+00 0.000000000000000000e+00 0.000000000000000000e+00 0.000000000000000000e+00 0.000000000000000000e+00 4.323125224540646618e-09 2.966853793834866443e-02 6.128418920114512281e-01 1.441953783627119234e+00 1.834198584086215167e+00 1.891464384488396044e+00 1.897440456314743562e+00
8.506645914602792402e+00 0.000000000000000000e+00 0.000000000000000000e+00 0.000000000000000000e+00 0.000000000000000000e+00 0.000000000000000000e+00 1.666492564161303064e-02 5.407769052081210504e-01 1.420041981126085373e+00 1.965456007397127447e+00 2.056985911809956047e+00 2.066771838514766202e+00
9.426527909602249622e+00 0.000000000000000000e+00 0.000000000000000000e+00 0.000000000000000000e+00 0.000000000000000000e+00 0.000000000000000000e+00 9.009886506390523200e-03 4.671044267007206097e-01 1.372594856091605031e+00 2.114898276350277051e+00 2.263815987092332893e+00 2.280342583221935726e+00
1.044588305691332231e+01 0.000000000000000000e+00 0.000000000000000000e+00 0.000000000000000000e+00 0.000000000000000000e+00 0.000000000000000000e+00 4.859372523551923860e-03 3.923502597036440664e-01 1.299186228102820140e+00 2.283111712049899822e+00 2.530104361514327493e+00 2.558920598330121532e+00
1.157546807107612530e+01 0.000000000000000000e+00 0.000000000000000000e+00 0.000000000000000000e+00 0.000000000000000000e+00 0.000000000000000000e+00 2.700498883355022337e-03 3.184717058988199012e-01 1.202475749335409017e+00 2.467406877200889692e+00 2.881199518420555439e+00 2.932749821427684811e+00
1.282720286398612508e+01 0.000000000000000000e+00 0.000000000000000000e+00 0.000000000000000000e+00 0.000000000000000000e+00 0.000000000000000000e+00 1.514986853805264187e-03 2.482947471913178605e-01 1.087811836605401261e+00 2.658115774562748168e+00 3.350652820053206415e+00 3.444221531058529795e+00
1.421429632940602517e+01 0.000000000000000000e+00 0.000000000000000000e+00 0.000000000000000000e+00 0.000000000000000000e+00 0.000000000000000000e+00 7.954893543663641873e-04 1.846332373004157812e-01 9.614255559036001264e-01 2.835872154569226478e+00 3.977934855488583388e+00 4.148361514393831939e+00
1.575138572941993864e+01 0.000000000000000000e+00 0.000000000000000000e+00 0.000000000000000000e+00 0.000000000000000000e+00 0.000000000000000000e+00 3.656348500976474300e-04 1.303677500925378152e-01 8.301735151209176378e-01 2.971480443811256311e+00 4.804936353272480254e+00 5.112875993988506451e+00
1.745469115370143243e+01 0.000000000000000000e+00 0.000000000000000000e+00 0.000000000000000000e+00 0.000000000000000000e+00 0.000000000000000000e+00 1.387906593801037586e-04 8.752708680425844157e-02 7.021963040812756462e-01 3.030216731934831653e+00 5.869473916038889350e+00 6.417473715170265436e+00
1.934218668152204401e+01 0.000000000000000000e+00 0.000000000000000000e+00 0.000000000000000000e+00 0.000000000000000000e+00 0.000000000000000000e+00 3.889975434177507421e-05 5.592316659615858415e-02 5.868558970008450615e-01 2.983194462361256516e+00 7.196047175608372370e+00 8.152341230611298784e+00
2.143379005268239013e+01 0.000000000000000000e+00 0.000000000000000000e+00 0.000000000000000000e+00 0.000000000000000000e+00 0.000000000000000000e+00 5.778995493064473311e-06 3.392025537066251095e-02 4.906041473011672482e-01 2.819536407727951666e+00 8.783187669586077106e+00 1.041396851109699817e+01
2.375157284886238784e+01 0.000000000000000000e+00 0.000000000000000000e+00 0.000000000000000000e+00 0.000000000000000000e+00 0.000000000000000000e+00 6.402621935439741455e-08 1.952079256106202879e-02 4.133452372606437053e-01 2.555029653949571600e+00 1.058952721952053366e+01 1.330371582739865666e+01
2.631999340332326653e+01 0.000000000000000000e+00 0.000000000000000000e+00 0.000000000000000000e+00 0.000000000000000000e+00 0.000000000000000000e+00 0.000000000000000000e+00 1.069083140418757710e-02 3.514944239215689881e-01 2.228114587655081191e+00 1.251829443753448423e+01 1.690615087139613948e+01
2.916615489673395345e+01 0.000000000000000000e+00 0.000000000000000000e+00 0.000000000000000000e+00 0.000000000000000000e+00 0.000000000000000000e+00 0.000000000000000000e+00 5.599890005064580428e-03 2.974850060378097516e-01 1.884125560047146930e+00 1.441299800347964322e+01 2.129650168179436776e+01
3.232009136266993465e+01 0.000000000000000000e+00 0.000000000000000000e+00 0.000000000000000000e+00 0.000000000000000000e+00 0.000000000000000000e+00 0.000000000000000000e+00 2.894263718337229327e-03 2.466555861365708480e-01 1.558799464017463166e+00 1.604896593544555827e+01 2.650345175883229842e+01
3.581508462084953948e+01 0.000000000000000000e+00 0.000000000000000000e+00 0.000000000000000000e+00 0.000000000000000000e+00 0.000000000000000000e+00 0.000000000000000000e+00 1.542193828312578762e-03 1.981134876035336445e-01 1.270069121335589024e+00 1.717906748451944665e+01 3.250718344094540413e+01
3.968801548253567546e+01 0.000000000000000000e+00 0.000000000000000000e+00 0.000000000000000000e+00 0.000000000000000000e+00 0.000000000000000000e+00 0.000000000000000000e+00 8.497387581926653909e-04 1.530192684248005697e-01 1.024526717487550531e+00 1.756378464144999896e+01 3.920759096803730870e+01
4.397975293418783593e+01 0.000000000000000000e+00 0.000000000000000000e+00 0.000000000000000000e+00 0.000000000000000000e+00 0.000000000000000000e+00 0.000000000000000000e+00 4.503406355133980654e-04 1.128613173648684576e-01 8.210089611974602519e-01 1.704423649558779275e+01 4.642130577126463464e+01
4.873558540621255020e+01 0.000000000000000000e+00 0.000000000000000000e+00 0.000000000000000000e+00 0.000000000000000000e+00 0.000000000000000000e+00 0.000000000000000000e+00 2.127223680196260725e-04 7.890740025422127157e-02 6.536502605081150330e-01 1.560986435821794238e+01 5.386921296438725903e+01
5.400569867776354016e+01 0.000000000000000000e+00 0.000000000000000000e+00 0.000000000000000000e+00 0.000000000000000000e+00 0.000000000000000000e+00 0.000000000000000000e+00 8.409383629561479972e-05 5.232396629297583063e-02 5.135452239035207533e-01 1.341234592861125208e+01 6.116518247065907588e+01
5.984570546066733954e+01 0.000000000000000000e+00 0.000000000000000000e+00 0.000000000000000000e+00 0.000000000000000000e+00 0.000000000000000000e+00 0.000000000000000000e+00 2.570574278017505966e-05 3.302002547328984627e-02 3.964168361439263100e-01 1.077977386132415027e+01 6.787338639480026359e+01
6.631723225089223206e+01 0.000000000000000000e+00 0.000000000000000000e+00 0.000000000000000000e+00 0.000000000000000000e+00 0.000000000000000000e+00 0.000000000000000000e+00 4.623995422286409603e-06 1.982042447135785174e-02 3.056187705134439936e-01 8.096626939528190903e+00 7.349225255557603020e+01
7.348856964029403116e+01 0.000000000000000000e+00 0.000000000000000000e+00 0.000000000000000000e+00 0.000000000000000000e+00 0.000000000000000000e+00 0.000000000000000000e+00 1.615094701000534688e-07 1.128221719457466257e-02 2.408183974491091561e-01 5.704467596781981342e+00 7.749400945860287493e+01
8.143539295103335007e+01 0.000000000000000000e+00 0.000000000000000000e+00 0.000000000000000000e+00 0.000000000000000000e+00 0.000000000000000000e+00 0.000000000000000000e+00 0.000000000000000000e+00 6.110999042970183606e-03 1.956534373650689329e-01 3.820894568763245847e+00 7.940549692900097511e+01
9.024156079713677059e+01 0.000000000000000000e+00 0.000000000000000000e+00 0.000000000000000000e+00 0.000000000000000000e+00 0.000000000000000000e+00 0.000000000000000000e+00 0.000000000000000000e+00 3.155685395680673643e-03 1.622744546114951170e-01 2.495119471750336437e+00 7.891164663675830582e+01
1.000000000000000000e+02 0.000000000000000000e+00 0.000000000000000000e+00 0.000000000000000000e+00 0.000000000000000000e+00 0.000000000000000000e+00 0.000000000000000000e+00 0.000000000000000000e+00 1.588891343113343988e-03 1.335562084943801853e-01 1.645440624859847434e+00 7.572214717676430951e+01
