# E_gamma_TeV tau_xi_-1e+05 tau_xi_-1e+03 tau_xi_0e+00 tau_xi_1e+03 tau_xi_1e+05
1.584893192461113431e-02 7.669752061547909731e-04 7.685480734919972927e-04 7.685639743253793767e-04 7.685799790883867831e-04 7.701671066322040302e-04
1.983516864948957348e-02 5.180084624434898484e-03 5.192130000454505019e-03 5.192247872369254620e-03 5.192360650580716067e-03 5.204179975225454828e-03
2.482400184600118062e-02 1.838501174349081030e-02 1.843616746984910390e-02 1.843670042764810127e-02 1.843721909944310081e-02 1.848966695456061640e-02
3.106759909833829714e-02 4.578037960301641063e-02 4.595107810968875744e-02 4.595277610022256709e-02 4.595448387613520341e-02 4.612501739984022769e-02
3.888155180308087294e-02 9.155512787741749980e-02 9.204341154192299812e-02 9.204831305962227206e-02 9.205319477122735072e-02 9.254436379057279227e-02
4.866082717980360628e-02 1.591841153944204001e-01 1.605201623398120614e-01 1.605357568084680442e-01 1.605484588885619235e-01 1.618957092979854406e-01
6.089973244419447096e-02 2.556195711568018392e-01 2.594868307048124878e-01 2.595277532584507885e-01 2.595674551415322329e-01 2.635749792684886073e-01
7.621690026086899716e-02 3.974736428222138684e-01 4.094068015503753433e-01 4.095304890343931525e-01 4.096542083571710902e-01 4.222742968451241863e-01
9.538655840070149605e-02 6.097288319497693454e-01 6.459924634433807933e-01 6.464076215222407384e-01 6.467926448133426431e-01 6.868542487410209674e-01
1.193776641714436315e-01 9.123563546043615968e-01 1.015876891476185984e+00 1.017012498804918508e+00 1.018149547974240177e+00 1.141344671519468390e+00
1.494028817264170805e-01 1.297462817929983858e+00 1.570769528602655507e+00 1.573871783914420730e+00 1.577157813609729287e+00 1.949241425558661645e+00
1.869798778781703863e-01 1.701633221158389331e+00 2.361337839798180571e+00 2.369813587891604012e+00 2.378250880404161549e+00 3.509402344713029365e+00
2.340080347001346761e-01 1.992921515257207510e+00 3.424568118586658105e+00 3.446018813771197564e+00 3.467489383468408182e+00 7.001381684343596312e+00
2.928644564625235702e-01 2.016663645547386530e+00 4.768074822594654094e+00 4.818693894333269334e+00 4.869859256956995175e+00 1.000000000000000020e+30
3.665241237079627790e-01 1.709573350749798770e+00 6.343715091493571379e+00 6.454081673056920820e+00 6.567184220551165019e+00 1.000000000000000020e+30
4.587102678234385444e-01 1.183287646758572009e+00 8.033235307496561006e+00 8.257901891826596952e+00 8.490401848460120249e+00 1.000000000000000020e+30
5.740825670026136196e-01 6.626839140474432011e-01 9.667063790818337665e+00 1.009711142589164901e+01 1.055037079824530366e+01 1.000000000000000020e+30
7.184726762278732526e-01 3.082953748106265768e-01 1.105147388234935946e+01 1.183903833642610692e+01 1.274430233739358265e+01 1.000000000000000020e+30
8.991789964660119594e-01 1.219837774127472685e-01 1.199467311254285384e+01 1.342556677393566034e+01 1.575620459746812685e+01 1.000000000000000020e+30
1.125335582600765161e+00 3.797708656860574600e-02 1.231924335528430881e+01 1.495198557976282672e+01 3.263293664909077307e+01 1.000000000000000020e+30
1.408373837072016910e+00 7.499646139813759098e-03 1.188873892574927460e+01 1.664316735934496805e+01 1.000000000000000020e+30 1.000000000000000020e+30
1.762600326175456811e+00 6.670260188251815733e-04 1.064796195956080105e+01 1.867819920291151092e+01 1.000000000000000020e+30 1.000000000000000020e+30
2.205919925559483907e+00 6.522972397918894994e-06 8.661981925931545589e+00 2.123251256003585041e+01 1.000000000000000020e+30 1.000000000000000020e+30
2.760740847324663072e+00 0.000000000000000000e+00 6.196714565944462016e+00 2.458357904416748951e+01 1.000000000000000020e+30 1.000000000000000020e+30
3.455107294592219880e+00 0.000000000000000000e+00 3.774343949812075216e+00 2.953835079973666211e+01 1.000000000000000020e+30 1.000000000000000020e+30
4.324116995158324706e+00 0.000000000000000000e+00 1.907476666593242332e+00 3.827332192944017208e+01 1.000000000000000020e+30 1.000000000000000020e+30
5.411695265464635085e+00 0.000000000000000000e+00 7.853859374101473945e-01 5.537147556570820939e+01 1.000000000000000020e+30 1.000000000000000020e+30
6.772815277441416093e+00 0.000000000000000000e+00 2.639267454330663787e-01 8.850069046719454491e+01 1.000000000000000020e+30 1.000000000000000020e+30
8.476276754730660556e+00 0.000000000000000000e+00 7.661948867510047501e-02 1.487756065642390979e+02 1.000000000000000020e+30 1.000000000000000020e+30
1.060818355139448776e+01 0.000000000000000000e+00 2.065096539410667467e-02 2.507577243914985843e+02 1.000000000000000020e+30 1.000000000000000020e+30
1.327629589221126061e+01 0.000000000000000000e+00 4.426305534024895655e-03 4.114485980790665280e+02 1.000000000000000020e+30 1.000000000000000020e+30
1.661547726466098851e+01 0.000000000000000000e+00 5.037754842705861229e-04 6.469654460572320431e+02 1.000000000000000020e+30 1.000000000000000020e+30
2.079451128340919297e+01 0.000000000000000000e+00 1.383129660709548275e-05 9.664965298280030765e+02 1.000000000000000020e+30 1.000000000000000020e+30
2.602463309528382140e+01 0.000000000000000000e+00 0.000000000000000000e+00 1.364467518809882222e+03 1.000000000000000020e+30 1.000000000000000020e+30
3.257020655659784580e+01 0.000000000000000000e+00 0.000000000000000000e+00 1.815798839399844610e+03 1.000000000000000020e+30 1.000000000000000020e+30
4.076208687574886369e+01 0.000000000000000000e+00 0.000000000000000000e+00 2.277512506406546436e+03 1.000000000000000020e+30 1.000000000000000020e+30
5.101434415464321859e+01 0.000000000000000000e+00 0.000000000000000000e+00 2.700779237221978292e+03 1.000000000000000020e+30 1.000000000000000020e+30
6.384519314384512256e+01 0.000000000000000000e+00 0.000000000000000000e+00 3.042936315837397615e+03 1.000000000000000020e+30 1.000000000000000020e+30
7.990318713533594064e+01 0.000000000000000000e+00 0.000000000000000000e+00 3.275155944577532409e+03 1.000000000000000020e+30 1.000000000000000020e+30
1.000000000000000000e+02 0.000000000000000000e+00 0.000000000000000000e+00 3.385986255638693819e+03 1.000000000000000020e+30 1.000000000000000020e+30
